0 0.7397786458333333 0.9730450665509259 0.2012152777777778 0.05390986689814814
0 0.7656901041666666 0.9177951388888889 0.20230034722222223 0.16440972222222228
0 0.7697482638888888 0.7838107638888889 0.18146701388888875 0.22473234953703702
0 0.6430989583333333 0.5501591435185185 0.17677951388888902 0.29463975694444455
0 0.8320746527777778 0.6147714120370371 0.14565972222222223 0.2959490740740742
0 0.816015625 0.359447337962963 0.23606770833333335 0.35714699074074074
0 0.6241319444444444 0.18407841435185185 0.15933159722222223 0.2528139467592593
0 0.7964409722222222 0.1832248263888889 0.1889322916666667 0.21732494212962966
0 0.9109375 0.16175491898148148 0.05779079861111125 0.13842592592592595
0 0.4110894097222222 0.15443431712962966 0.1484809027777778 0.22789351851851852
0 0.23246527777777778 0.09916811342592594 0.13962673611111115 0.16020688657407406
0 0.36831597222222223 0.3019748263888889 0.1352864583333333 0.19408275462962965
0 0.2810329861111111 0.23969907407407406 0.14077690972222223 0.2518518518518518
0 0.13604600694444444 0.26448206018518516 0.16588541666666667 0.26874276620370374
0 0.06172960069444444 0.4362123842592593 0.12345920138888888 0.3193865740740741
0 0.030289713541666666 0.57109375 0.06057942708333333 0.19634693287037042
0 0.26644965277777777 0.3916377314814815 0.12122395833333333 0.14074074074074083
0 0.3184895833333333 0.4980902777777778 0.06386718749999998 0.14361255787037042
0 0.209375 0.4865596064814815 0.17239583333333336 0.19600694444444444
0 0.16911892361111108 0.6215060763888889 0.17552083333333335 0.26631944444444455
0 0.07220052083333332 0.8200737847222221 0.11909722222222222 0.18057725694444438
0 0.06232638888888889 0.667845775462963 0.05744357638888889 0.13061342592592595
0 0.138671875 0.8000289351851853 0.14583333333333331 0.1683232060185187
0 0.2827690972222222 0.7732421875 0.1610894097222222 0.2265986689814814
0 0.44357638888888895 0.8109447337962963 0.18858506944444442 0.2533564814814815
0 0.21805555555555556 0.9410083912037037 0.3296875 0.11798321759259256