0 0.724609375 0.8908564814814814 0.2055989583333333 0.1366898148148148
0 0.753125 0.8132957175925926 0.2036458333333333 0.20952690972222232
0 0.7599609375 0.6523943865740741 0.1836588541666666 0.21612413194444446
0 0.637890625 0.4407696759259259 0.1807291666666666 0.28890335648148147
0 0.8263020833333333 0.47434895833333335 0.14973958333333326 0.2909577546296296
0 0.8138671875 0.22315538194444445 0.24296874999999996 0.3470630787037037
0 0.6238932291666667 0.10234555844907407 0.16230468750000004 0.20469111689814815
0 0.79609375 0.07824254918981483 0.1929036458333333 0.15648509837962965
0 0.9115885416666667 0.040031828703703705 0.06061197916666661 0.08006365740740741
0 0.410546875 0.09855685763888888 0.1528645833333333 0.19711371527777777
0 0.23138020833333334 0.06865234375 0.1396484375 0.1373046875
0 0.3643880208333333 0.23909143518518516 0.13710937499999998 0.18904803240740742
0 0.27903645833333335 0.1916232638888889 0.14388020833333326 0.24683883101851856
0 0.1328125 0.24016927083333334 0.17018229166666665 0.26201533564814816
0 0.05966796875 0.4244285300925926 0.1193359375 0.3143952546296296
0 0.027083333333333334 0.5610966435185185 0.05416666666666667 0.1938440393518519
0 0.26197916666666665 0.3453486689814815 0.12376302083333335 0.1347583912037037
0 0.3109375 0.44263599537037035 0.06582031250000009 0.1410517939814815
0 0.2015625 0.4491174768518519 0.1731119791666667 0.18923611111111116
0 0.1591796875 0.5887803819444445 0.18072916666666666 0.2597222222222222
0 0.05984700520833333 0.801880787037037 0.11969401041666666 0.17542679398148153
0 0.05182291666666667 0.6525318287037037 0.060091145833333345 0.12806712962962963
0 0.1255859375 0.7716941550925926 0.14889322916666664 0.16153790509259247
0 0.2719401041666667 0.7211950231481481 0.1644531250000001 0.21984953703703702
0 0.4317057291666667 0.7321542245370369 0.1923828125 0.24484953703703694
0 0.20436197916666665 0.917795138888889 0.33138020833333337 0.14122540509259274