0 0.7822265625 0.955078125 0.197265625 0.0888671875
0 0.8056640625 0.8994140625 0.193359375 0.201171875
0 0.802734375 0.7421875 0.171875 0.2158203125
0 0.666015625 0.515625 0.1640625 0.2861328125
0 0.857421875 0.5703125 0.1328125 0.2890625
0 0.830078125 0.31640625 0.220703125 0.345703125
0 0.630859375 0.1513671875 0.1484375 0.2451171875
0 0.802734375 0.1416015625 0.1796875 0.2080078125
0 0.916015625 0.1142578125 0.0517578125 0.1357421875
0 0.4169921875 0.1328125 0.138671875 0.220703125
0 0.236328125 0.0869140625 0.1328125 0.1533203125
0 0.380859375 0.2822265625 0.126953125 0.1875
0 0.291015625 0.224609375 0.1298828125 0.2451171875
0 0.1474609375 0.2568359375 0.154296875 0.2607421875
0 0.0693359375 0.4326171875 0.1328125 0.3125
0 0.052734375 0.568359375 0.0576171875 0.193359375
0 0.283203125 0.376953125 0.115234375 0.134765625
0 0.33984375 0.48046875 0.0576171875 0.140625
0 0.23046875 0.474609375 0.1640625 0.1875
0 0.1962890625 0.611328125 0.1640625 0.2578125
0 0.1083984375 0.814453125 0.111328125 0.1748046875
0 0.091796875 0.6630859375 0.0517578125 0.1279296875
0 0.173828125 0.791015625 0.138671875 0.1611328125
0 0.31640625 0.7568359375 0.1513671875 0.21875
0 0.478515625 0.7861328125 0.177734375 0.244140625
0 0.259765625 0.9384765625 0.32421875 0.123046875