0 0.787109375 0.9375 0.197265625 0.125
0 0.810546875 0.861328125 0.1904296875 0.1982421875
0 0.806640625 0.7001953125 0.169921875 0.2060546875
0 0.669921875 0.48046875 0.162109375 0.279296875
0 0.861328125 0.525390625 0.130859375 0.283203125
0 0.83203125 0.2724609375 0.220703125 0.333984375
0 0.6318359375 0.119140625 0.146484375 0.2373046875
0 0.802734375 0.099609375 0.1796875 0.1982421875
0 0.916015625 0.06640625 0.0517578125 0.1328125
0 0.41796875 0.111328125 0.138671875 0.212890625
0 0.236328125 0.07421875 0.1298828125 0.146484375
0 0.3818359375 0.26171875 0.125 0.181640625
0 0.29296875 0.208984375 0.1279296875 0.2392578125
0 0.1494140625 0.2490234375 0.1533203125 0.2529296875
0 0.072265625 0.4287109375 0.130859375 0.306640625
0 0.056640625 0.564453125 0.0576171875 0.1904296875
0 0.2861328125 0.3623046875 0.115234375 0.1279296875
0 0.341796875 0.462890625 0.056640625 0.1376953125
0 0.232421875 0.462890625 0.1611328125 0.1796875
0 0.19921875 0.6005859375 0.1640625 0.25
0 0.11328125 0.80859375 0.109375 0.1689453125
0 0.095703125 0.658203125 0.0517578125 0.125
0 0.177734375 0.7822265625 0.138671875 0.1533203125
0 0.3212890625 0.740234375 0.150390625 0.2109375
0 0.482421875 0.7607421875 0.1767578125 0.234375
0 0.2666015625 0.93359375 0.3232421875 0.1220703125