0 0.7593315972222222 0.9706488715277778 0.20096932870370376 0.05870225694444442
0 0.7850260416666667 0.9155454282407407 0.1963035300925926 0.1689091435185186
0 0.7858940972222223 0.7778718171296297 0.17602719907407405 0.22241753472222214
0 0.6556857638888889 0.5449797453703704 0.1703848379629629 0.2949074074074074
0 0.8457609953703704 0.6083333333333333 0.13925057870370372 0.2958043981481482
0 0.8239583333333333 0.35258246527777776 0.23059895833333321 0.35523726851851845
0 0.6283058449074075 0.17998408564814816 0.15351562499999982 0.2514105902777778
0 0.7997829861111111 0.17690972222222223 0.1855613425925926 0.21554542824074074
0 0.9140480324074074 0.15461516203703704 0.05569299768518521 0.13779658564814817
0 0.41467013888888893 0.1515769675925926 0.14497974537037028 0.22624421296296293
0 0.2341290509259259 0.09697627314814815 0.1342230902777778 0.15899160879629629
0 0.3740813078703704 0.2984881365740741 0.1303819444444445 0.19367766203703707
0 0.2867766203703704 0.23719618055555555 0.13501880787037035 0.25157696759259257
0 0.1420355902777778 0.26341145833333335 0.16081452546296293 0.2676938657407407
0 0.06476779513888889 0.435669849537037 0.12953559027777778 0.3192418981481482
0 0.03991608796296296 0.5699074074074074 0.0632595486111111 0.19597800925925934
0 0.2753978587962963 0.38985821759259265 0.11902488425925928 0.13902633101851847
0 0.3280815972222222 0.49580439814814814 0.06072048611111103 0.14314959490740753
0 0.21870659722222222 0.4852719907407407 0.16645688657407404 0.19520399305555558
0 0.1814236111111111 0.6197699652777777 0.17146990740740742 0.26579861111111125
0 0.08932291666666667 0.8195023148148148 0.11438078703703702 0.17947771990740735
0 0.07620081018518518 0.6674189814814815 0.05546151620370371 0.12998408564814823
0 0.15455729166666668 0.799341724537037 0.14321469907407408 0.16667390046296293
0 0.2993561921296296 0.7711733217592592 0.1566406250000001 0.22541956018518516
0 0.4598813657407408 0.8071976273148148 0.18370225694444442 0.2513961226851851
0 0.238939525462963 0.941333912037037 0.32685908564814814 0.11733217592592604