0 0.7397786458333333 0.8913411458333333 0.2012152777777778 0.1049406828703705
0 0.7656901041666666 0.8337673611111112 0.20230034722222223 0.21692708333333321
0 0.7697482638888888 0.6767795138888889 0.18146701388888875 0.22982494212962967
0 0.6430989583333333 0.4613570601851852 0.17677951388888902 0.29950086805555554
0 0.8320746527777778 0.5004484953703704 0.14565972222222223 0.2998842592592592
0 0.816015625 0.24877025462962965 0.23606770833333335 0.3636863425925926
0 0.6241319444444444 0.1142849392361111 0.15933159722222223 0.2285698784722222
0 0.7964409722222222 0.09375904224537038 0.1889322916666667 0.18751808449074076
0 0.9109375 0.0547996238425926 0.05779079861111125 0.1095992476851852
0 0.4110894097222222 0.10741825810185185 0.1484809027777778 0.2148365162037037
0 0.23246527777777778 0.07486436631944444 0.13962673611111115 0.1497287326388889
0 0.36831597222222223 0.2511935763888889 0.1352864583333333 0.19784432870370372
0 0.2810329861111111 0.20089699074074074 0.14077690972222223 0.25570023148148147
0 0.13604600694444444 0.24482060185185184 0.16588541666666667 0.273314525462963
0 0.06172960069444444 0.42696759259259265 0.12345920138888888 0.3233217592592592
0 0.030289713541666666 0.5640624999999999 0.06057942708333333 0.19805410879629637
0 0.26644965277777777 0.3538773148148148 0.12122395833333333 0.14415509259259263
0 0.3184895833333333 0.4527777777777778 0.06386718749999998 0.14531973379629626
0 0.209375 0.45583043981481486 0.17239583333333336 0.20086805555555554
0 0.16911892361111108 0.5953342013888889 0.17552083333333335 0.27118055555555554
0 0.07220052083333332 0.8056206597222222 0.11909722222222222 0.18387586805555545
0 0.06232638888888889 0.6556061921296297 0.05744357638888889 0.13214699074074066
0 0.138671875 0.7768518518518519 0.14583333333333331 0.1724320023148147
0 0.2827690972222222 0.7310546874999999 0.1610894097222222 0.23108362268518512
0 0.44357638888888895 0.747142650462963 0.18858506944444442 0.2586226851851854
0 0.21805555555555556 0.9173104745370371 0.3296875 0.14946469907407423