0 0.2858072916666667 0.4872829861111111 0.029166666666666674 0.015002893518518468
0 0.3837890625 0.7198567708333333 0.0824869791666667 0.042657696759259345
0 0.3961588541666667 0.7433955439814814 0.09166666666666667 0.04923321759259247
0 0.39596354166666664 0.769921875 0.08580729166666667 0.04875578703703698
0 0.4656901041666667 0.7848596643518518 0.1322916666666667 0.07585358796296293
0 0.4991536458333333 0.8302445023148148 0.1395833333333334 0.08324652777777786
0 0.47578125 0.8625868055555556 0.11484375000000002 0.06180555555555567
0 0.9401692708333333 0.4644024884259259 0.06328124999999996 0.045949074074074
0 0.9235677083333333 0.4362991898148148 0.05891927083333348 0.038794849537037046
0 0.8972005208333333 0.4089916087962963 0.04876302083333339 0.032139756944444486
0 0.8686848958333333 0.42309751157407405 0.060091145833333304 0.04180410879629637
0 0.8333984375000001 0.4092809606481481 0.06458333333333321 0.03634259259259265
0 0.7784505208333333 0.4098307291666667 0.057161458333333304 0.04156539351851851
0 0.8345052083333333 0.44061053240740744 0.04420572916666665 0.036624710648148096
0 0.8807291666666666 0.4564814814814815 0.06334635416666679 0.046925636574074114
0 0.8791666666666667 0.49195601851851856 0.0669270833333333 0.04236111111111107
0 0.8420572916666667 0.48025173611111116 0.025846354166666696 0.03804253472222219
0 0.8203776041666666 0.4938006365740741 0.05989583333333348 0.03887442129629626
0 0.7883463541666667 0.46990017361111114 0.040820312499999956 0.02955005787037046
0 0.7988932291666666 0.4366391782407407 0.04134114583333348 0.03736255787037046
0 0.818359375 0.4635271990740741 0.03782552083333335 0.028334780092592604