0 0.32512297453703703 0.49675202546296293 0.03768807870370372 0.015899884259259256
0 0.24931278935185186 0.48070746527777775 0.10651765046296291 0.055461516203703765
0 0.22786458333333331 0.5082175925925926 0.10517939814814814 0.04568865740740735
0 0.05877459490740741 0.611060474537037 0.07450810185185186 0.06108217592592591
0 0.08015046296296297 0.6343460648148148 0.09599247685185186 0.06124131944444455
0 0.13599537037037035 0.6124421296296296 0.05848524305555558 0.0502242476851853
0 0.12452980324074074 0.5666160300925926 0.10572193287037038 0.06033709490740735
0 0.08365885416666666 0.5180772569444445 0.09418402777777779 0.06513310185185173
0 0.062065972222222224 0.4625578703703703 0.09110966435185186 0.06120515046296293
0 0.1033347800925926 0.4427155671296296 0.07378472222222224 0.04155092592592591
0 0.02600549768518519 0.5175274884259259 0.01609519675925926 0.06553096064814823
0 0.1134982638888889 0.47975983796296295 0.04618778935185186 0.03451244212962967