0 0.591015625 0.599609375 0.020985243055555713 0.012565104166666785
0 0.6364583333333333 0.5918836805555556 0.05399305555555545 0.03300781250000018
0 0.6391059027777778 0.6205512152777777 0.05030381944444451 0.03754340277777768
0 0.6979383680555555 0.5542100694444445 0.040234375000000044 0.02983940972222232
0 0.9269097222222222 0.586328125 0.05863715277777781 0.04995659722222223
0 0.9303168402777777 0.6199652777777778 0.04372829861111116 0.04279513888888875
0 0.8858289930555556 0.6062065972222221 0.04644097222222232 0.038172743055555625
0 0.9005859375 0.6712456597222223 0.0693359375 0.049934895833333215
0 0.8868923611111111 0.692578125 0.06996527777777772 0.04220920138888884
0 0.902517361111111 0.6498480902777778 0.07506510416666679 0.04752604166666674
0 0.7493489583333334 0.5666232638888888 0.043381076388888884 0.03498263888888875
0 0.7334418402777778 0.5495225694444446 0.05013020833333348 0.03363715277777768
0 0.7925564236111111 0.6312500000000001 0.04618055555555545 0.032313368055555625
0 0.7631944444444445 0.652170138888889 0.05030381944444429 0.03754340277777768
0 0.7809244791666667 0.6723741319444444 0.04835069444444429 0.03736979166666665
0 0.7340928819444444 0.6672309027777777 0.05421006944444451 0.037890624999999956
0 0.715646701388889 0.6410807291666667 0.05030381944444429 0.03754340277777768
0 0.7449652777777778 0.6211371527777778 0.054340277777777724 0.04082031250000018
0 0.7788628472222222 0.6084635416666666 0.05110677083333326 0.033723958333333304
0 0.8068142361111111 0.5972222222222223 0.024609375000000044 0.028450520833333215
0 0.7812282986111112 0.5773003472222222 0.03765190972222232 0.03739149305555545
0 0.6954644097222222 0.6098741319444445 0.05030381944444451 0.03754340277777768
0 0.6756944444444444 0.635568576388889 0.027539062499999822 0.02871093750000009
0 0.7307291666666667 0.5884982638888889 0.06202256944444451 0.03858506944444429