0 0.5545934606481482 0.3583984375 0.0555917245370372 0.0830078125
0 0.5308304398148148 0.40234375 0.05891927083333326 0.087890625
0 0.630931712962963 0.4443359375 0.06312210648148131 0.103515625
0 0.6656467013888889 0.462890625 0.042339409722222054 0.076171875
0 0.699291087962963 0.576171875 0.05216290509259247 0.0888671875
0 0.595775462962963 0.576171875 0.06732494212962958 0.119140625
0 0.49398871527777777 0.4775390625 0.04259982638888893 0.0673828125
0 0.4880787037037037 0.548828125 0.050651041666666674 0.0703125
0 0.42693142361111114 0.5654296875 0.04927662037037028 0.0654296875
0 0.45642361111111107 0.591796875 0.04626736111111107 0.064453125
0 0.4663917824074074 0.7021484375 0.05823929398148153 0.103515625
0 0.5175130208333333 0.6943359375 0.07185329861111112 0.0908203125
0 0.44303385416666663 0.703125 0.04849537037037033 0.091796875
0 0.4117042824074074 0.7021484375 0.03888888888888897 0.09375
0 0.5583912037037037 0.6806640625 0.036697048611111116 0.0908203125
0 0.5829210069444444 0.7060546875 0.05646701388888875 0.09375
0 0.5756727430555555 0.6650390625 0.02036313657407396 0.0341796875
0 0.6220703125 0.6591796875 0.07732928240740744 0.1220703125
0 0.6762948495370371 0.689453125 0.06272424768518503 0.0986328125
0 0.7311197916666667 0.703125 0.05710358796296289 0.1015625
0 0.633716724537037 0.7421875 0.05045572916666652 0.0439453125
0 0.661400462962963 0.6025390625 0.028812210648148096 0.0419921875
0 0.7098451967592593 0.6337890625 0.044936342592592604 0.0361328125