0 0.5044487847222222 0.3166449652777778 0.05291521990740744 0.08509114583333333
0 0.47544126157407407 0.3621744791666667 0.05805121527777768 0.09203559027777775
0 0.5687934027777777 0.39717881944444444 0.0615596064814814 0.10772569444444446
0 0.6014178240740741 0.4120659722222222 0.0390263310185186 0.07892795138888897
0 0.6187427662037037 0.5238932291666667 0.0483217592592593 0.0927951388888888
0 0.5150101273148149 0.5320529513888889 0.06409143518518512 0.12339409722222228
0 0.4266493055555556 0.44131944444444443 0.04159432870370372 0.06922743055555558
0 0.41131365740740744 0.512890625 0.04763454861111116 0.07424045138888902
0 0.3480179398148148 0.5357638888888889 0.04745370370370372 0.06935763888888902
0 0.3725043402777778 0.5596137152777778 0.0444155092592593 0.06636284722222219
0 0.36747685185185186 0.6690104166666666 0.05667679398148151 0.10761718749999982
0 0.4195963541666667 0.6580946180555556 0.06890190972222221 0.09520399305555571
0 0.34393084490740744 0.6724609375 0.04553674768518512 0.09663628472222219
0 0.31264467592592593 0.6741319444444445 0.03674768518518512 0.09644097222222214
0 0.46321614583333337 0.6395616319444444 0.0346498842592593 0.09249131944444455
0 0.48473668981481477 0.664453125 0.05240885416666674 0.09776475694444442
0 0.48234953703703703 0.6235243055555556 0.01989293981481477 0.036545138888888884
0 0.529513888888889 0.6146701388888889 0.07501446759259256 0.1285156249999999
0 0.5793185763888888 0.6399088541666667 0.0585214120370372 0.10473090277777786
0 0.6326316550925926 0.6494574652777778 0.0536747685185186 0.10559895833333321
0 0.5303819444444444 0.6966145833333334 0.05056423611111116 0.04796006944444442
0 0.5776548032407407 0.5531032986111111 0.02799479166666652 0.04453124999999991
0 0.6214916087962963 0.5814019097222223 0.04546440972222232 0.0419921875