0 0.40749421296296295 0.8087456597222222 0.025737847222222276 0.04149305555555549
0 0.3876591435185185 0.8112413194444444 0.029644097222222276 0.041579861111111116
0 0.36833043981481484 0.8088541666666667 0.03267505787037028 0.042621527777777724
0 0.4378472222222222 0.7614583333333333 0.02799479166666663 0.044466145833333304
0 0.41717303240740744 0.7531684027777777 0.027690972222222276 0.041536458333333304
0 0.39908854166666663 0.7576605902777778 0.02994791666666674 0.044509548611111116
0 0.37864583333333335 0.766015625 0.027690972222222276 0.041536458333333304
0 0.36147280092592593 0.76171875 0.029644097222222276 0.041579861111111116
0 0.3695963541666667 0.7305772569444444 0.02647569444444442 0.029817708333333304
0 0.39165219907407406 0.7349826388888889 0.023140914351851838 0.025846354166666696
0 0.42563657407407407 0.7093098958333334 0.02698206018518512 0.034700520833333304
0 0.4419415509259259 0.6842230902777777 0.026678240740740655 0.031770833333333304
0 0.457421875 0.5915798611111112 0.020515046296296302 0.02871093750000009
0 0.4444444444444444 0.5090711805555556 0.020515046296296302 0.02871093750000009
0 0.42962239583333334 0.529296875 0.020515046296296302 0.02871093750000009
0 0.45303819444444443 0.6149739583333333 0.016304976851851838 0.025694444444444464
0 0.43960503472222223 0.6029296875 0.026374421296296302 0.028841145833333304
0 0.4303023726851852 0.6360026041666667 0.028298611111111094 0.047395833333333304
0 0.42645399305555554 0.6731119791666667 0.02502893518518512 0.03465711805555549
0 0.379542824074074 0.6818576388888888 0.024356192129629584 0.037565104166666696
0 0.404933449074074 0.682421875 0.03045428240740744 0.049392361111111116
0 0.4052300347222222 0.7078776041666667 0.02698206018518512 0.034700520833333304
0 0.4081452546296296 0.6325737847222221 0.025332754629629584 0.03758680555555571
0 0.3873697916666667 0.6252604166666667 0.02748842592592593 0.039583333333333304
0 0.38941695601851856 0.6527126736111111 0.025057870370370328 0.016145833333333304
0 0.39728009259259256 0.586328125 0.022403067129629584 0.037521701388888884
0 0.4155671296296296 0.5798828125 0.027184606481481577 0.036653645833333304
0 0.4179542824074074 0.5946180555555556 0.03041811342592593 0.03964843749999991