0 0.5673828125 0.53125 0.033203125 0.0185546875
0 0.5869140625 0.544921875 0.0263671875 0.015625
0 0.646484375 0.509765625 0.033203125 0.0185546875
0 0.87890625 0.5244140625 0.0419921875 0.0205078125
0 0.884765625 0.5478515625 0.0439453125 0.0205078125
0 0.87890625 0.5703125 0.0419921875 0.0234375
0 0.876953125 0.5126953125 0.029296875 0.015625
0 0.828125 0.501953125 0.037109375 0.0205078125
0 0.74609375 0.509765625 0.0390625 0.021484375
0 0.7744140625 0.5263671875 0.0390625 0.0205078125
0 0.8349609375 0.521484375 0.046875 0.0205078125
0 0.8193359375 0.5283203125 0.037109375 0.0234375
0 0.8251953125 0.548828125 0.041015625 0.025390625
0 0.837890625 0.5654296875 0.0390625 0.0205078125
0 0.8359375 0.5830078125 0.0419921875 0.0234375
0 0.802734375 0.5751953125 0.0390625 0.0263671875
0 0.75 0.576171875 0.0390625 0.0205078125
0 0.775390625 0.5478515625 0.0390625 0.0263671875
0 0.6923828125 0.5341796875 0.044921875 0.0234375
0 0.6640625 0.52734375 0.037109375 0.0205078125
0 0.673828125 0.509765625 0.033203125 0.021484375
0 0.6416015625 0.5546875 0.0390625 0.0234375
0 0.646484375 0.5703125 0.0361328125 0.021484375
0 0.6923828125 0.580078125 0.0419921875 0.0185546875
0 0.69921875 0.556640625 0.037109375 0.0234375
0 0.662109375 0.55078125 0.0341796875 0.0205078125
0 0.740234375 0.525390625 0.0390625 0.0234375
0 0.705078125 0.525390625 0.0283203125 0.015625
0 0.7158203125 0.55078125 0.033203125 0.0185546875
0 0.849609375 0.541015625 0.0263671875 0.0185546875