0 0.46807725694444446 0.34292534722222223 0.010980902777777857 0.02079716435185186
0 0.4551142939814815 0.2984664351851852 0.026504629629629628 0.05245225694444444
0 0.4828052662037037 0.291796875 0.03207465277777777 0.04774305555555558
0 0.410619212962963 0.24324363425925927 0.025636574074074048 0.03780381944444444
0 0.414453125 0.0205078125 0.044140625000000044 0.041015625
0 0.44800347222222225 0.01412037037037037 0.03856336805555549 0.02824074074074074
0 0.4395399305555555 0.05131655092592593 0.03385416666666674 0.04487123842592593
0 0.5032552083333333 0.031599030671296297 0.041102430555555625 0.06319806134259259
0 0.5259982638888889 0.039981192129629625 0.033289930555555625 0.06825086805555555
0 0.48073640046296295 0.033619068287037035 0.038462094907407374 0.06723813657407407
0 0.41569733796296293 0.19045138888888888 0.03075086805555549 0.04185474537037037
0 0.4019603587962963 0.20840567129629628 0.0282841435185186 0.04958043981481486
0 0.4752314814814815 0.13994502314814816 0.02799479166666663 0.0446976273148148
0 0.4990017361111111 0.16653645833333333 0.031098090277777768 0.04771412037037037
0 0.5177372685185184 0.146484375 0.031958912037036935 0.04578993055555558
0 0.5179470486111111 0.19229600694444443 0.03138744212962963 0.05259693287037037
0 0.4942708333333333 0.21346932870370372 0.03207465277777777 0.04774305555555558
0 0.47141927083333335 0.18782552083333331 0.03431712962962963 0.052683738425925886
0 0.45477430555555554 0.15614872685185185 0.0282841435185186 0.0495804398148148
0 0.43973524305555556 0.1302734375 0.027640335648148162 0.02226562500000001
0 0.42346643518518523 0.15805121527777777 0.03522858796296302 0.0351634837962963
0 0.46553819444444444 0.23771701388888888 0.03207465277777777 0.04774305555555558
0 0.4937934027777778 0.2544270833333333 0.026895254629629606 0.026142939814814747
0 0.44010416666666663 0.20630063657407408 0.03190827546296293 0.06138599537037037