0 0.5688151041666667 0.6874638310185186 0.013519965277777768 0.0194950810185186
0 0.5797743055555555 0.6493417245370371 0.02871093750000009 0.0546875
0 0.5635850694444444 0.6354890046296297 0.027690972222222276 0.05363859953703698
0 0.5429470486111111 0.5872395833333333 0.03172743055555549 0.05685763888888884
0 0.5039930555555556 0.5648871527777778 0.029014756944444553 0.0615234375
0 0.5196397569444444 0.5446325231481481 0.03146701388888884 0.05099826388888884
0 0.5373480902777779 0.5050636574074074 0.03066406250000009 0.05483217592592604
0 0.5684461805555556 0.5696614583333333 0.030750868055555713 0.05678530092592604
0 0.5990017361111111 0.5563512731481481 0.030837673611111116 0.05873842592592604
0 0.5681423611111112 0.5190248842592593 0.03164062500000009 0.05490451388888884
0 0.5811197916666666 0.5044126157407407 0.02267795138888884 0.05034722222222232
0 0.546875 0.478515625 0.01909722222222232 0.03548177083333337
0 0.5139105902777777 0.5033275462962963 0.029969618055555536 0.03920717592592604
0 0.5681857638888889 0.4762008101851852 0.019726562500000044 0.02774160879629628
0 0.4960720486111111 0.3647641782407407 0.040234375000000044 0.07306134259259256
0 0.5295572916666667 0.3516710069444444 0.039474826388888884 0.07787181712962954
0 0.5652994791666667 0.34555844907407407 0.04720052083333326 0.07649739583333326
0 0.5985460069444445 0.3927951388888889 0.03721788194444442 0.07089120370370372
0 0.5627170138888888 0.3969545717592593 0.04253472222222232 0.03721788194444442
0 0.49418402777777776 0.3003833912037037 0.038433159722222165 0.05443431712962965
0 0.5276692708333333 0.28729021990740744 0.03869357638888893 0.06029369212962954
0 0.5632378472222221 0.27727141203703703 0.04175347222222214 0.06344039351851849
0 0.5979817708333333 0.2924985532407407 0.03980034722222214 0.06329571759259256
0 0.4859592013888889 0.0496238425925926 0.038324652777777746 0.030092592592592587
0 0.5221354166666667 0.053276909722222224 0.03743489583333348 0.03197337962962962
0 0.5590711805555555 0.05211950231481481 0.04001736111111098 0.024377893518518517
0 0.5930989583333333 0.07313368055555557 0.04149305555555571 0.05758101851851852
0 0.5579861111111111 0.0715060763888889 0.035069444444444375 0.044451678240740755
0 0.5260416666666667 0.09736689814814815 0.041145833333333215 0.04976851851851852
0 0.4854600694444445 0.1040943287037037 0.045811631944444486 0.04524739583333334
0 0.4915364583333333 0.15321180555555558 0.04520399305555556 0.07537615740740744
0 0.5272786458333334 0.14709924768518517 0.039518229166666696 0.07884837962962965
0 0.5541015625000001 0.1812065972222222 0.04741753472222232 0.08138020833333337
0 0.5595703125 0.12905092592592593 0.02983940972222232 0.03627748842592593
0 0.5949435763888888 0.13653790509259262 0.04388020833333339 0.06749131944444442
0 0.5924045138888889 0.1889105902777778 0.040494791666666696 0.07892071759259256
0 0.48680555555555555 0.22196903935185186 0.03704427083333328 0.06698495370370372
0 0.5232204861111112 0.20909288194444445 0.042404513888888884 0.07808883101851855
0 0.5577256944444444 0.24084924768518517 0.029448784722222232 0.02748842592592593