0 0.8721354166666667 0.5849392361111111 0.04310619212962963 0.025217013888888973
0 0.8770543981481482 0.6048177083333333 0.04330873842592586 0.02912326388888875
0 0.8761140046296296 0.6241753472222222 0.043460648148148096 0.03205295138888875
0 0.8229673032407407 0.5552951388888889 0.04613715277777786 0.027430555555555625
0 0.8172453703703704 0.576171875 0.04320746527777786 0.027170138888888973
0 0.8220630787037038 0.5940972222222223 0.04623842592592586 0.029383680555555625
0 0.8338179976851852 0.6145833333333333 0.04320746527777786 0.02717013888888875
0 0.8308232060185186 0.6318142361111111 0.04330873842592586 0.029123263888888973
0 0.8002965856481481 0.6242404513888888 0.03246527777777786 0.026215277777777768
0 0.8010850694444445 0.6019531250000001 0.027430555555555625 0.02285156250000009
0 0.7730975115740741 0.568359375 0.03734809027777786 0.026649305555555447
0 0.746021412037037 0.5523437499999999 0.03441840277777786 0.026388888888889017
0 0.6529441550925925 0.5382378472222222 0.030208333333333393 0.02018229166666674
0 0.5739800347222221 0.5526041666666667 0.030208333333333393 0.02018229166666674
0 0.5951461226851852 0.5671223958333333 0.030208333333333393 0.02018229166666674
0 0.6774594907407407 0.5423611111111111 0.027076099537036935 0.01601562500000009
0 0.6665002893518519 0.5559678819444445 0.030512152777777857 0.02604166666666652
0 0.7000072337962964 0.5647786458333333 0.05004340277777786 0.02777777777777768
0 0.7371166087962963 0.5680772569444446 0.03724681712962963 0.024696180555555447
0 0.7502387152777779 0.6149305555555555 0.040125868055555625 0.02398003472222232
0 0.7479456018518518 0.589453125 0.05112123842592586 0.029817708333333304
0 0.7731843171296295 0.5887803819444444 0.03734809027777786 0.026649305555555447
0 0.6982421875 0.5869791666666666 0.04017650462962963 0.02495659722222232
0 0.6944733796296296 0.6080295138888889 0.04223090277777786 0.027083333333333348
0 0.7196108217592592 0.6054036458333334 0.018793402777777857 0.02499999999999991
0 0.6541304976851852 0.5986111111111112 0.040024594907407396 0.02202690972222232
0 0.6463831018518518 0.5804253472222223 0.03832465277777786 0.02673611111111107
0 0.6608289930555555 0.5778211805555555 0.04042968750000009 0.02983940972222232