0 0.6192708333333333 0.572265625 0.02058738425925921 0.011653645833333393
0 0.6641059027777778 0.5625434027777778 0.05294415509259265 0.03066406250000009
0 0.6682219328703703 0.5910373263888888 0.04907407407407405 0.03537326388888884
0 0.7233579282407407 0.5222222222222221 0.039257812500000044 0.02810329861111116
0 0.9529369212962964 0.544140625 0.05697337962962967 0.047439236111111116
0 0.9580656828703704 0.5775607638888889 0.04228153935185186 0.040928819444444375
0 0.9130714699074074 0.5657986111111111 0.04517505787037024 0.03617621527777759
0 0.9311197916666667 0.630056423611111 0.06770833333333348 0.04694010416666661
0 0.9185908564814815 0.651953125 0.06862702546296306 0.03917100694444442
0 0.9319372106481482 0.6086154513888888 0.07354600694444446 0.04427083333333348
0 0.7751736111111112 0.5323350694444444 0.042223668981481666 0.033116319444444375
0 0.7584563078703703 0.5159722222222223 0.04904513888888884 0.03146701388888884
0 0.8215205439814814 0.594921875 0.04513165509259265 0.03031684027777759
0 0.7933738425925926 0.6171006944444444 0.04907407407407405 0.03537326388888884
0 0.8120659722222222 0.6364800347222221 0.04712094907407405 0.035286458333333215
0 0.7651837384259259 0.6334201388888889 0.05298032407407405 0.03554687500000009
0 0.7454716435185185 0.6081380208333333 0.04907407407407405 0.03537326388888884
0 0.7736255787037036 0.5869357638888888 0.053002025462963065 0.03847656250000009
0 0.806712962962963 0.5727864583333333 0.05002170138888884 0.03151041666666665
0 0.8339554398148148 0.5603298611111112 0.023632812500000044 0.027408854166666607
0 0.8074580439814816 0.5415798611111111 0.03638599537037024 0.035785590277777724
0 0.7237702546296296 0.5778862847222221 0.04907407407407405 0.03537326388888884
0 0.7054181134259259 0.6044053819444444 0.026562499999999822 0.027539062499999822
0 0.7577690972222222 0.5549913194444445 0.06079282407407405 0.03589409722222214