0 0.4046223958333333 0.02371419270833333 0.041290509259259256 0.04742838541666666
0 0.43546730324074073 0.01091579861111111 0.043670428240740744 0.02183159722222222
0 0.4399594907407407 0.04411892361111111 0.03775318287037033 0.05789930555555556
0 0.5148654513888888 0.03137478298611111 0.03324652777777781 0.06274956597222223
0 0.4784143518518518 0.028580729166666666 0.044075520833333326 0.05716145833333333
0 0.4165726273148148 0.14704861111111112 0.022265624999999956 0.028276909722222188
0 0.4445746527777778 0.1337890625 0.030280671296296302 0.03580729166666663
0 0.4740162037037037 0.13606770833333331 0.030830439814814925 0.05436197916666663
0 0.5199146412037037 0.13198784722222223 0.024971064814814703 0.053841145833333326
0 0.4980830439814815 0.12217881944444445 0.02264178240740744 0.04097222222222224
0 0.4990668402777778 0.15538194444444445 0.03287037037037033 0.05746527777777777
0 0.5233723958333333 0.1825954861111111 0.032638888888888884 0.04965277777777777
0 0.5175202546296296 0.21640625000000002 0.0356264467592593 0.05186631944444442
0 0.5104890046296297 0.24346788194444444 0.026027199074074137 0.02374131944444441
0 0.49474103009259257 0.20766059027777778 0.030772569444444398 0.05240885416666663
0 0.48268229166666665 0.2302734375 0.021838831018518468 0.046744791666666674
0 0.41689814814814813 0.19108072916666666 0.030541087962962954 0.044596354166666685
0 0.4086009837962963 0.20846354166666664 0.03539496527777786 0.04405381944444442
0 0.42201967592592593 0.23174913194444446 0.027756076388888884 0.04921874999999998
0 0.4679036458333333 0.29327256944444446 0.02686631944444451 0.052061631944444464
0 0.4960792824074074 0.28587239583333335 0.0307436342592593 0.05143229166666674
0 0.4868706597222222 0.33858506944444444 0.010286458333333304 0.01844618055555558
0 0.44223813657407407 0.2201605902777778 0.027900752314814814 0.05410156249999998
0 0.46363570601851856 0.21532118055555555 0.02304687499999991 0.05464409722222219
0 0.4418258101851852 0.17319878472222222 0.026605902777777746 0.043272569444444464
0 0.47037760416666663 0.1784939236111111 0.0248842592592593 0.050911458333333326