0 0.5087022569444445 0.5146050347222222 0.026171874999999956 0.018142361111111116
0 0.5225911458333333 0.5191840277777777 0.027148437499999956 0.01816406249999991
0 0.26592881944444446 0.4848090277777778 0.03522135416666661 0.02419704861111116
0 0.2586805555555556 0.4976779513888889 0.03216145833333339 0.021202256944444442
0 0.2552951388888889 0.5094835069444444 0.03207465277777777 0.019249131944444553
0 0.30646701388888886 0.5171440972222223 0.032031249999999956 0.018272569444444553
0 0.30295138888888884 0.5260199652777777 0.029101562499999956 0.018207465277777946
0 0.3007595486111111 0.49869791666666663 0.037890624999999956 0.018402777777777768
0 0.3058810763888889 0.4819661458333333 0.035134548611111094 0.02224392361111116
0 0.33309461805555557 0.47842881944444443 0.026215277777777768 0.019118923611111116
0 0.3256510416666667 0.46490885416666666 0.033984374999999956 0.018315972222222254
0 0.34403211805555556 0.5045789930555555 0.029101562499999956 0.018207465277777724
0 0.3505425347222222 0.5190972222222223 0.032031249999999956 0.018272569444444553
0 0.37185329861111116 0.5147135416666666 0.02892795138888893 0.014301215277777946
0 0.29266493055555554 0.47052951388888886 0.023784722222222276 0.008333333333333304
0 0.34848090277777777 0.4947048611111111 0.02879774305555549 0.011371527777777724
0 0.37235243055555556 0.5039496527777778 0.032031249999999956 0.018272569444444553
0 0.37973090277777777 0.4940104166666667 0.034960937499999956 0.01833767361111116
0 0.37721354166666665 0.4813585069444445 0.03509114583333339 0.02126736111111116
0 0.3516927083333333 0.47899305555555555 0.014496527777777768 0.018858506944444464
0 0.42840711805555554 0.5115017361111112 0.03411458333333339 0.021245659722222143
0 0.4131076388888889 0.4971788194444444 0.03207465277777777 0.019249131944444553
0 0.412109375 0.5187065972222222 0.024348958333333393 0.021028645833333304
0 0.4154296875 0.5274305555555556 0.033984374999999956 0.018315972222222143
0 0.44902343749999996 0.5354817708333334 0.02586805555555549 0.011306423611111116
0 0.44264322916666665 0.5238932291666667 0.022265624999999956 0.018055555555555713
0 0.46688368055555557 0.5194444444444444 0.03402777777777777 0.019292534722222143
0 0.462109375 0.5 0.029144965277777768 0.019184027777777724
0 0.44205729166666663 0.4887152777777778 0.030208333333333393 0.02115885416666674
0 0.42170138888888886 0.4705946180555556 0.032031249999999956 0.018272569444444442
0 0.414453125 0.4834635416666667 0.03487413194444444 0.01638454861111116