0 0.5254123263888889 0.4129557291666667 0.019046585648148096 0.034989872685185164
0 0.5388093171296295 0.39308449074074076 0.016001157407407263 0.026895254629629606
0 0.5007740162037038 0.33415798611111114 0.019017650462962887 0.033036747685185164
0 0.5071108217592593 0.10177228009259259 0.01916232638888893 0.042802372685185164
0 0.5304904513888888 0.09560908564814816 0.02112991898148131 0.043967013888888906
0 0.5530526620370371 0.10028211805555555 0.02404513888888893 0.043272569444444436
0 0.49542100694444446 0.10485387731481481 0.016044560185185075 0.029824942129629634
0 0.4853877314814815 0.15373987268518519 0.021043113425925908 0.038107638888888906
0 0.49833622685185186 0.23561921296296295 0.021057581018518512 0.039084201388888906
0 0.5135561342592593 0.20677083333333335 0.019104456018518512 0.038896122685185164
0 0.5048177083333334 0.14502314814814815 0.019220196759259345 0.046708622685185164
0 0.5128761574074074 0.16087239583333335 0.022019675925925908 0.03820167824074072
0 0.533326099537037 0.15499131944444444 0.02401620370370372 0.041319444444444464
0 0.5497540509259259 0.14167390046296297 0.019104456018518512 0.038896122685185164
0 0.5673755787037037 0.14291087962962962 0.022106481481481532 0.04406105324074072
0 0.5600405092592593 0.17588975694444442 0.026916956018518512 0.03964843750000002
0 0.5637659143518519 0.22931857638888886 0.019104456018518512 0.038896122685185164
0 0.5340639467592593 0.20479600694444444 0.023987268518518512 0.039366319444444464
0 0.523560474537037 0.2879557291666667 0.02115885416666674 0.045920138888888906
0 0.5181061921296296 0.3158637152777778 0.019089988425925908 0.037919560185185164
0 0.4994068287037037 0.30788483796296295 0.020999710648148096 0.035177951388888906
0 0.5467881944444445 0.3375506365740741 0.02401620370370372 0.041319444444444464
0 0.5623408564814815 0.3311631944444444 0.021043113425925908 0.038107638888888795
0 0.5695023148148148 0.2864655671296296 0.01818576388888893 0.04270833333333335
0 0.5459346064814815 0.2799334490740741 0.022019675925925908 0.03820167824074072
0 0.5416015625 0.3175130208333333 0.020999710648148096 0.035177951388888906
0 0.5140625 0.24095052083333335 0.02206307870370372 0.04113136574074072
0 0.5145688657407408 0.27513020833333335 0.01796875000000009 0.028059895833333348
0 0.5398292824074074 0.2638961226851852 0.020970775462962887 0.033224826388888906
0 0.5241753472222221 0.13142361111111112 0.018930844907407263 0.027177372685185164