0 0.845703125 0.509765625 0.0419921875 0.021484375
0 0.849609375 0.529296875 0.0419921875 0.025390625
0 0.84765625 0.548828125 0.0419921875 0.0283203125
0 0.7978515625 0.484375 0.044921875 0.0234375
0 0.791015625 0.505859375 0.0419921875 0.0234375
0 0.794921875 0.5234375 0.044921875 0.025390625
0 0.8056640625 0.54296875 0.0419921875 0.0234375
0 0.8017578125 0.560546875 0.0419921875 0.025390625
0 0.771484375 0.5556640625 0.03125 0.0234375
0 0.7734375 0.533203125 0.0263671875 0.0205078125
0 0.7470703125 0.501953125 0.0361328125 0.0234375
0 0.720703125 0.48828125 0.033203125 0.0234375
0 0.6279296875 0.482421875 0.029296875 0.017578125
0 0.5478515625 0.50390625 0.029296875 0.017578125
0 0.568359375 0.5166015625 0.029296875 0.017578125
0 0.65234375 0.484375 0.0263671875 0.013671875
0 0.640625 0.4990234375 0.029296875 0.0234375
0 0.673828125 0.5048828125 0.048828125 0.0234375
0 0.7109375 0.5048828125 0.0361328125 0.021484375
0 0.7216796875 0.55078125 0.0390625 0.0205078125
0 0.720703125 0.525390625 0.0498046875 0.025390625
0 0.74609375 0.5224609375 0.0361328125 0.0234375
0 0.6708984375 0.52734375 0.0390625 0.021484375
0 0.666015625 0.548828125 0.041015625 0.0234375
0 0.69140625 0.5439453125 0.017578125 0.0234375
0 0.6259765625 0.54296875 0.0390625 0.0185546875
0 0.619140625 0.525390625 0.037109375 0.0234375
0 0.6337890625 0.521484375 0.0390625 0.0263671875