0 0.525390625 0.3583984375 0.048828125 0.0830078125
0 0.498046875 0.40234375 0.0517578125 0.087890625
0 0.5947265625 0.4443359375 0.0546875 0.103515625
0 0.6279296875 0.462890625 0.0361328125 0.076171875
0 0.65234375 0.576171875 0.044921875 0.0888671875
0 0.548828125 0.576171875 0.0576171875 0.119140625
0 0.455078125 0.4775390625 0.037109375 0.0673828125
0 0.443359375 0.548828125 0.044921875 0.0703125
0 0.380859375 0.5654296875 0.0439453125 0.0654296875
0 0.408203125 0.591796875 0.041015625 0.064453125
0 0.4091796875 0.7021484375 0.0498046875 0.103515625
0 0.4609375 0.6943359375 0.064453125 0.0908203125
0 0.3857421875 0.703125 0.041015625 0.091796875
0 0.3544921875 0.7021484375 0.03125 0.09375
0 0.5029296875 0.6806640625 0.029296875 0.0908203125
0 0.525390625 0.7060546875 0.048828125 0.09375
0 0.521484375 0.6650390625 0.017578125 0.0341796875
0 0.568359375 0.6591796875 0.0673828125 0.1220703125
0 0.6201171875 0.689453125 0.0546875 0.0986328125
0 0.673828125 0.703125 0.048828125 0.1015625
0 0.5732421875 0.7421875 0.046875 0.0439453125
0 0.6123046875 0.6025390625 0.025390625 0.0419921875
0 0.658203125 0.6337890625 0.0419921875 0.0361328125