0 0.504810474537037 0.5361762152777778 0.02604166666666652 0.018142361111111116
0 0.5186631944444444 0.5413628472222223 0.02701822916666652 0.01816406249999991
0 0.2622974537037037 0.4956597222222222 0.03504774305555558 0.02419704861111116
0 0.25495515046296297 0.5081814236111111 0.03200954861111116 0.021202256944444553
0 0.25148292824074076 0.5198133680555554 0.03193721064814814 0.019249131944444553
0 0.30258969907407407 0.5297309027777777 0.03190104166666663 0.018272569444444553
0 0.29900896990740744 0.5384331597222223 0.02897135416666674 0.018207465277777946
0 0.29701967592592593 0.5110677083333334 0.03776041666666663 0.018402777777777768
0 0.3022641782407407 0.4945963541666667 0.03497540509259256 0.02224392361111116
0 0.3294994212962963 0.4922743055555555 0.02607783564814814 0.019118923611111116
0 0.3221571180555556 0.47845052083333334 0.03385416666666674 0.018315972222222254
0 0.3402416087962963 0.5188585069444445 0.02897135416666674 0.018207465277777724
0 0.3466435185185185 0.5336371527777777 0.03190104166666674 0.018272569444444553
0 0.36798321759259256 0.5302083333333334 0.0288266782407407 0.014301215277777946
0 0.28913483796296297 0.48259548611111114 0.02372685185185186 0.008333333333333304
0 0.3447627314814815 0.5092013888888889 0.02871817129629628 0.011371527777777724
0 0.3685619212962963 0.5194878472222222 0.03190104166666674 0.018272569444444553
0 0.3760127314814815 0.5098958333333333 0.03483072916666674 0.01833767361111116
0 0.3735894097222222 0.4971571180555555 0.03493923611111116 0.02126736111111116
0 0.3480902777777778 0.4936631944444444 0.01435908564814814 0.018858506944444464
0 0.42455150462962965 0.5295138888888888 0.03396267361111116 0.021245659722222143
0 0.40936053240740744 0.5145399305555556 0.03193721064814814 0.019249131944444553
0 0.408203125 0.5359809027777778 0.02419704861111116 0.021028645833333304
0 0.41145833333333337 0.5448350694444444 0.03385416666666674 0.018315972222222143
0 0.4449869791666667 0.5543619791666666 0.02578848379629628 0.011306423611111116
0 0.4386935763888889 0.5425130208333333 0.02213541666666663 0.018055555555555713
0 0.46296296296296297 0.5391493055555556 0.03389033564814814 0.019292534722222143
0 0.4583333333333333 0.51953125 0.02900752314814814 0.019184027777777724
0 0.4383680555555556 0.5073784722222222 0.03005642361111116 0.02115885416666674
0 0.41814959490740744 0.4883897569444444 0.03190104166666674 0.018272569444444442
0 0.4108072916666667 0.5009114583333333 0.03475839120370372 0.01638454861111116