0 0.5044921875 0.3324001736111111 0.02133969907407396 0.04062500000000002
0 0.5195240162037037 0.2572482638888889 0.0698206018518519 0.11174045138888888
0 0.49215856481481485 0.23448350694444445 0.05986689814814816 0.10891927083333336
0 0.38796296296296295 0.06740451388888888 0.07075376157407409 0.07115885416666667
0 0.3643590856481481 0.08370225694444444 0.07366898148148149 0.10143229166666667
0 0.38720341435185185 0.13995225694444446 0.057306134259259234 0.06221788194444444
0 0.43276186342592593 0.13044704861111112 0.07451533564814816 0.11022135416666667
0 0.47931134259259256 0.09101562499999999 0.07659866898148149 0.10169270833333333
0 0.5365885416666667 0.08255208333333333 0.07220052083333339 0.07612847222222224
0 0.5560112847222223 0.11332465277777778 0.05099826388888884 0.0771484375
0 0.5190538194444445 0.1216579861111111 0.0414351851851853 0.0482204861111111