0 0.2592447916666667 0.632740162037037 0.08129340277777786 0.06043836805555536
0 0.31766493055555556 0.5486834490740742 0.10138888888888886 0.08940972222222232
0 0.4782769097222222 0.5164207175925926 0.09095052083333333 0.11433015046296302
0 0.5687282986111111 0.46882233796296297 0.08003472222222241 0.11197916666666663
0 0.5115234375 0.40693721064814814 0.07977430555555554 0.10904947916666674
0 0.4268880208333333 0.4331958912037037 0.11564670138888888 0.1074580439814814
0 0.39032118055555554 0.4808304398148148 0.12311197916666661 0.10384114583333337
0 0.47198350694444446 0.3447265625 0.11315104166666656 0.06843171296296302
0 0.5598958333333333 0.3146701388888889 0.08546006944444429 0.10731336805555558
0 0.5402994791666667 0.2816116898148148 0.11334635416666661 0.10347945601851849
0 0.5792100694444444 0.38396990740740744 0.07044270833333321 0.06976996527777768
0 0.6403645833333333 0.3793764467592593 0.07515190972222219 0.1117983217592593
0 0.7170789930555556 0.2989366319444445 0.0835286458333333 0.09653501157407407
0 0.6406032986111112 0.27748842592592593 0.09691840277777786 0.10481770833333337
0 0.5993706597222223 0.21227575231481483 0.10464409722222223 0.060329861111111105
0 0.7084635416666667 0.20847800925925924 0.12569444444444455 0.10004340277777779