0 0.5363570601851853 0.6358506944444444 0.06690538194444429 0.07926070601851842
0 0.45698061342592594 0.5923538773148148 0.09720052083333341 0.10123697916666674
0 0.4378472222222222 0.4378761574074074 0.12234519675925926 0.08990885416666661
0 0.39817708333333335 0.35539641203703703 0.11838107638888884 0.07901475694444449
0 0.33035300925925926 0.4240162037037037 0.11466290509259258 0.08076533564814814
0 0.34989149305555556 0.5036530671296297 0.11697771990740735 0.11489438657407414
0 0.39482783564814816 0.5314453125 0.11480034722222221 0.1225549768518519
0 0.2633391203703704 0.4741319444444444 0.07772714120370372 0.11091579861111112
0 0.2422236689814815 0.39069010416666666 0.11201533564814814 0.08354311342592591
0 0.20676359953703702 0.41584924768518516 0.11376591435185185 0.1118127893518519
0 0.3131221064814815 0.3607783564814815 0.07466001157407409 0.06897424768518512
0 0.3150462962962963 0.3004340277777778 0.11791087962962954 0.07413194444444449
0 0.2395037615740741 0.2373046875 0.10322627314814814 0.08308738425925921
0 0.2113787615740741 0.3174696180555555 0.11519097222222219 0.09633969907407414
0 0.14231770833333335 0.36866319444444445 0.0693504050925926 0.10465133101851853
0 0.147779224537037 0.26149450231481486 0.11010561342592595 0.12425491898148144