0 0.49928385416666665 0.34086371527777776 0.5225477430555556 0.6205078125
0 0.6142144097222222 0.2767144097222222 0.3119357638888889 0.4409722222222222
0 0.6646050347222222 0.7844401041666667 0.5709201388888889 0.4311197916666667
0 0.6642578125 0.9773654513888889 0.5018663194444444 0.045269097222222276
0 0.8210286458333333 0.5250434027777777 0.34691840277777786 0.7871527777777776
0 0.32274305555555555 0.49151475694444446 0.3453125 0.4517361111111111
0 0.46649305555555554 0.5395182291666667 0.3798177083333334 0.3378472222222222
0 0.32350260416666665 0.105078125 0.21399739583333333 0.1564453125
0 0.24581163194444444 0.16666666666666669 0.27165798611111114 0.29509548611111114
0 0.1980251736111111 0.4677083333333333 0.2969401041666667 0.38018663194444446
0 0.10970594618055556 0.3937717013888889 0.2194118923611111 0.3197699652777778
0 0.05021701388888889 0.7003472222222222 0.10043402777777778 0.24444444444444446
0 0.3425347222222222 0.8983506944444444 0.3379123263888889 0.20329861111111125
0 0.1593967013888889 0.8850260416666667 0.1914496527777778 0.1944010416666666
0 0.09759114583333334 0.9426432291666667 0.19518229166666667 0.1147135416666667