0 0.5190104166666667 0.28617078993055556 0.535329861111111 0.5723415798611111
0 0.6289930555555555 0.20396050347222222 0.32113715277777777 0.40792100694444444
0 0.7125325520833333 0.7363064236111111 0.5749348958333333 0.4917100694444445
0 0.7281249999999999 0.9275390625 0.5037326388888888 0.10620659722222214
0 0.8346137152777777 0.4142361111111111 0.33077256944444455 0.7724826388888889
0 0.3535373263888889 0.44711371527777777 0.35468750000000004 0.43680555555555567
0 0.4996310763888889 0.47584635416666665 0.3865885416666667 0.3212673611111112
0 0.3285807291666667 0.067626953125 0.21705729166666665 0.13525390625
0 0.2554470486111111 0.13755425347222222 0.27769097222222217 0.27510850694444444
0 0.2279730902777778 0.4399739583333333 0.3048177083333333 0.36733940972222223
0 0.12936197916666667 0.3787977430555556 0.23793402777777778 0.30978732638888884
0 0.08754340277777778 0.6927951388888889 0.12369791666666669 0.23940972222222223
0 0.40184461805555555 0.8735460069444444 0.3428168402777777 0.23550347222222223
0 0.21733940972222224 0.8611979166666667 0.19539930555555557 0.1860677083333333
0 0.15223524305555555 0.9374782986111111 0.2141059027777778 0.12452256944444451