0 0.7600549768518519 0.30636574074074074 0.06924189814814818 0.06514033564814814
0 0.7362268518518519 0.33082320601851856 0.045732060185185164 0.05834780092592595
0 0.8136212384259259 0.4525028935185186 0.12462384259259252 0.11647135416666665
0 0.930859375 0.5246310763888888 0.12662037037037033 0.1195601851851853
0 0.9302879050925926 0.6292028356481482 0.1249855324074074 0.14088541666666665
0 0.9286530671296296 0.7395543981481482 0.12482638888888875 0.13014322916666665
0 0.8964482060185185 0.8014612268518518 0.12471064814814814 0.12233072916666665
0 0.8106409143518518 0.7856698495370371 0.10815248842592595 0.12390769675925917
0 0.7617766203703704 0.7181351273148148 0.07350983796296306 0.08987268518518521
0 0.8324218750000001 0.7014033564814814 0.06670283564814827 0.0912688078703705
0 0.8443359375 0.6231770833333333 0.08172743055555554 0.11785300925925934
0 0.8064163773148149 0.542845775462963 0.07921006944444442 0.0796079282407407
0 0.7720992476851851 0.6153356481481482 0.0815393518518519 0.10515769675925934