0 0.30078125 0.259765625 0.0546875 0.064453125
0 0.32421875 0.287109375 0.0517578125 0.041015625
0 0.4453125 0.216796875 0.0966796875 0.1142578125
0 0.5166015625 0.0986328125 0.099609375 0.1298828125
0 0.6220703125 0.0908203125 0.119140625 0.154296875
0 0.73046875 0.1083984375 0.109375 0.140625
0 0.791015625 0.158203125 0.103515625 0.115234375
0 0.7763671875 0.2421875 0.107421875 0.0986328125
0 0.708984375 0.287109375 0.080078125 0.0654296875
0 0.6923828125 0.21484375 0.0810546875 0.060546875
0 0.615234375 0.197265625 0.1064453125 0.0703125
0 0.53515625 0.23046875 0.068359375 0.0732421875
0 0.607421875 0.2685546875 0.095703125 0.0703125