0 0.2671368634259259 0.2642578125 0.0771556712962963 0.08867187499999996
0 0.2894820601851852 0.29127604166666665 0.07735821759259265 0.06731770833333339
0 0.6122974537037037 0.12526041666666665 0.1952473958333334 0.17910156249999998
0 0.7187427662037037 0.13235677083333333 0.1434895833333334 0.17565104166666667
0 0.7757884837962963 0.17936197916666666 0.13400607638888884 0.15462239583333331
0 0.7544560185185185 0.2604166666666667 0.13558304398148158 0.1382161458333333
0 0.6793475115740741 0.30253906249999996 0.11155237268518503 0.10553385416666661
0 0.6661241319444444 0.23587239583333333 0.10431857638888875 0.10019531249999997
0 0.5922598379629629 0.20247395833333334 0.1353877314814813 0.11197916666666669
0 0.5004701967592593 0.1119140625 0.1562861689814814 0.1658203125
0 0.4976924189814814 0.19420572916666667 0.12183883101851856 0.08873697916666667
0 0.5852358217592593 0.27662760416666665 0.1352285879629629 0.11002604166666674
0 0.5087601273148148 0.23912760416666667 0.10856481481481484 0.09270833333333328
0 0.4229021990740741 0.232421875 0.15501302083333335 0.15019531249999996