0 0.763671875 0.244140625 0.068359375 0.0595703125
0 0.740234375 0.2705078125 0.044921875 0.0546875
0 0.8193359375 0.3857421875 0.123046875 0.1064453125
0 0.9375 0.4482421875 0.125 0.109375
0 0.9384765625 0.552734375 0.123046875 0.130859375
0 0.9384765625 0.6630859375 0.123046875 0.1201171875
0 0.9072265625 0.7275390625 0.123046875 0.1123046875
0 0.8212890625 0.71875 0.1064453125 0.115234375
0 0.771484375 0.6552734375 0.072265625 0.083984375
0 0.841796875 0.6328125 0.0654296875 0.0859375
0 0.8525390625 0.5537109375 0.080078125 0.111328125
0 0.8134765625 0.4765625 0.078125 0.0732421875
0 0.7802734375 0.5517578125 0.080078125 0.0986328125