0 0.6213107638888888 0.48046875 0.2957899305555556 0.392578125
0 0.7244646990740742 0.8134765625 0.36733217592592604 0.373046875
0 0.7710865162037037 0.595703125 0.2294921875 0.2373046875
0 0.8371310763888888 0.4013671875 0.1103877314814814 0.1591796875
0 0.8195167824074074 0.2421875 0.04803240740740744 0.083984375
0 0.8040726273148149 0.115234375 0.08119936342592604 0.0830078125
0 0.6803023726851851 0.0693359375 0.07472511574074092 0.119140625
0 0.7127459490740741 0.0224609375 0.06875723379629628 0.037109375
0 0.8510199652777778 0.169921875 0.13067853009259256 0.1533203125
0 0.7125289351851851 0.1748046875 0.10807291666666652 0.123046875
0 0.7456597222222222 0.357421875 0.20193142361111116 0.2578125
0 0.6290147569444444 0.2666015625 0.07436342592592604 0.056640625
0 0.4544270833333333 0.826171875 0.28041811342592593 0.3466796875
0 0.7332899305555556 0.076171875 0.0849247685185186 0.1044921875