0 0.3211805555555556 0.46825086805555555 0.2168619791666666 0.2782407407407407
0 0.32547743055555556 0.26630497685185184 0.07100694444444444 0.096629050925926
0 0.47191840277777775 0.2865668402777778 0.05620659722222232 0.08373119212962965
0 0.533376736111111 0.3412471064814815 0.05646701388888875 0.08666087962962965
0 0.6627387152777777 0.2574074074074074 0.05451388888888875 0.08663194444444444
0 0.6673394097222223 0.11787471064814814 0.08142361111111107 0.12604166666666666
0 0.5621527777777777 0.1711226851851852 0.07497829861111116 0.1083912037037037
0 0.40926649305555557 0.30017361111111107 0.059700520833333326 0.11206597222222214
0 0.7968532986111111 0.19690393518518517 0.07122395833333339 0.12101417824074079
0 0.62578125 0.7719256365740741 0.06911892361111116 0.10830439814814818
0 0.6248046875 0.859714988425926 0.08465711805555554 0.10755931712962963
0 0.46241319444444445 0.7665436921296296 0.07152777777777775 0.10248842592592577
0 0.4556857638888889 0.8641710069444444 0.08745659722222221 0.08419415509259265