0 0.6319878472222222 0.5296440972222222 0.30451388888888875 0.4154947916666667
0 0.7425419560185185 0.8345630787037037 0.3756221064814813 0.33087384259259256
0 0.7843243634259259 0.6567346643518519 0.2347656250000001 0.25528790509259247
0 0.8460503472222223 0.4683666087962963 0.11392505787037033 0.16769386574074074
0 0.8248987268518518 0.3082320601851852 0.049898726851851816 0.08764467592592595
0 0.8066333912037037 0.18040364583333332 0.0830439814814814 0.08937355324074076
0 0.6818431712962962 0.12455873842592591 0.07737268518518503 0.12486979166666667
0 0.7132450810185185 0.08046874999999999 0.06958188657407405 0.0425998263888889
0 0.8547960069444445 0.23875144675925924 0.13408564814814827 0.16350549768518519
0 0.7164134837962963 0.23233506944444443 0.1108072916666667 0.13148148148148153
0 0.7536024305555555 0.4171006944444445 0.20766059027777772 0.2734881365740741
0 0.6349392361111111 0.3170500578703703 0.07562210648148149 0.06252893518518521
0 0.4727864583333333 0.838232421875 0.2881221064814814 0.32353515624999996
0 0.7349826388888889 0.1356915509259259 0.08724681712962967 0.1110966435185185