0 0.3422309027777778 0.5086154513888889 0.2046223958333333 0.2939163773148148
0 0.3375434027777777 0.30515046296296294 0.06675347222222228 0.10172164351851853
0 0.4849826388888889 0.3419053819444444 0.05251736111111105 0.08770978009259256
0 0.5489149305555556 0.4039641203703703 0.052647569444444375 0.09063946759259256
0 0.674631076388889 0.33368778935185184 0.050694444444444375 0.09045138888888893
0 0.6730251736111111 0.19328703703703703 0.07586805555555554 0.13177083333333328
0 0.5701388888888889 0.2353587962962963 0.07020399305555558 0.11372251157407409
0 0.4228949652777778 0.3486762152777778 0.05475260416666661 0.11612413194444438
0 0.8061414930555555 0.2875072337962963 0.0658854166666667 0.1259476273148148
0 0.660546875 0.8491825810185185 0.06434461805555558 0.11315827546296298
0 0.6634765625 0.9377314814814814 0.07992621527777777 0.11368634259259247
0 0.4968315972222222 0.8255714699074075 0.06701388888888882 0.10758101851851842
0 0.49444444444444446 0.9234157986111111 0.08376736111111116 0.09071903935185177