0 0.63671875 0.537109375 0.220703125 0.296875
0 0.650390625 0.740234375 0.0673828125 0.099609375
0 0.501953125 0.71484375 0.052734375 0.0859375
0 0.435546875 0.658203125 0.052734375 0.0888671875
0 0.3134765625 0.7373046875 0.0576171875 0.0908203125
0 0.3212890625 0.876953125 0.0732421875 0.1279296875
0 0.421875 0.8271484375 0.072265625 0.111328125
0 0.5634765625 0.703125 0.0576171875 0.115234375
0 0.1845703125 0.794921875 0.0751953125 0.1279296875
0 0.3046875 0.2236328125 0.072265625 0.115234375
0 0.2978515625 0.134765625 0.0859375 0.1142578125
0 0.46875 0.2333984375 0.068359375 0.1064453125
0 0.466796875 0.1357421875 0.0859375 0.0888671875