0 0.33521412037037035 0.43865017361111114 0.23812210648148158 0.31519820601851856
0 0.33352141203703706 0.23781828703703703 0.0732277199074074 0.10512152777777778
0 0.48062789351851853 0.24598524305555555 0.057711226851851816 0.08906249999999999
0 0.5437355324074074 0.2952546296296296 0.05794270833333348 0.09296875000000004
0 0.6706669560185186 0.20146846064814816 0.06288339120370368 0.09441550925925923
0 0.6711299189814814 0.0647876880787037 0.08076533564814814 0.1295753761574074
0 0.5674768518518518 0.1240162037037037 0.07874710648148131 0.11633391203703702
0 0.4183521412037037 0.26460503472222224 0.06438802083333339 0.11980613425925923
0 0.8030454282407408 0.13046151620370372 0.08271846064814814 0.13419415509259258
0 0.6489583333333333 0.7152705439814815 0.07903645833333339 0.12121672453703702
0 0.6505859375 0.8025028935185186 0.09259259259259256 0.12058015046296289
0 0.4853587962962963 0.7232566550925925 0.07455150462962967 0.11107494212962976
0 0.48152488425925927 0.8207248263888889 0.09114583333333337 0.09616608796296289