0 0.6566116898148149 0.537109375 0.23169849537037024 0.296875
0 0.677806712962963 0.740234375 0.07107204861111116 0.099609375
0 0.5284288194444444 0.71484375 0.05591724537037024 0.0859375
0 0.4599247685185185 0.658203125 0.05602575231481488 0.0888671875
0 0.34078414351851855 0.7373046875 0.06098090277777779 0.0908203125
0 0.35376880787037035 0.876953125 0.07798032407407418 0.1279296875
0 0.45251012731481477 0.8271484375 0.07638888888888884 0.111328125
0 0.5895182291666667 0.703125 0.06188512731481488 0.115234375
0 0.21401186342592593 0.794921875 0.07993344907407407 0.1279296875
0 0.3129701967592593 0.2236328125 0.07653356481481488 0.115234375
0 0.3028428819444444 0.134765625 0.09016927083333326 0.1142578125
0 0.47739438657407407 0.2333984375 0.0723017939814814 0.1064453125
0 0.47182436342592593 0.1357421875 0.08922887731481488 0.0888671875