0 0.36328125 0.4736328125 0.1923828125 0.275390625
0 0.349609375 0.271484375 0.0625 0.095703125
0 0.498046875 0.2939453125 0.048828125 0.0830078125
0 0.564453125 0.349609375 0.048828125 0.0859375
0 0.6865234375 0.267578125 0.046875 0.0859375
0 0.6787109375 0.1279296875 0.0703125 0.125
0 0.578125 0.1796875 0.0654296875 0.107421875
0 0.4365234375 0.306640625 0.0498046875 0.111328125
0 0.8154296875 0.208984375 0.060546875 0.1201171875
0 0.6953125 0.7822265625 0.0595703125 0.107421875
0 0.7021484375 0.8701171875 0.0751953125 0.1064453125
0 0.53125 0.7744140625 0.0625 0.1015625
0 0.533203125 0.8720703125 0.080078125 0.0830078125