0 0.603515625 0.48046875 0.28125 0.392578125
0 0.6943359375 0.8134765625 0.353515625 0.373046875
0 0.7490234375 0.595703125 0.220703125 0.2373046875
0 0.822265625 0.4013671875 0.1044921875 0.1591796875
0 0.810546875 0.2421875 0.044921875 0.083984375
0 0.7998046875 0.115234375 0.078125 0.0830078125
0 0.677734375 0.0693359375 0.0703125 0.119140625
0 0.7119140625 0.0224609375 0.0673828125 0.037109375
0 0.8447265625 0.169921875 0.125 0.1533203125
0 0.7060546875 0.1748046875 0.103515625 0.123046875
0 0.732421875 0.357421875 0.1923828125 0.2578125
0 0.619140625 0.2666015625 0.072265625 0.056640625
0 0.423828125 0.826171875 0.267578125 0.3466796875
0 0.73046875 0.076171875 0.0810546875 0.1044921875