0 0.5244140625 0.3330078125 0.283203125 0.216796875
0 0.7265625 0.306640625 0.095703125 0.072265625
0 0.703125 0.45703125 0.0830078125 0.0546875
0 0.646484375 0.5263671875 0.087890625 0.0576171875
0 0.728515625 0.6435546875 0.0888671875 0.0595703125
0 0.8681640625 0.6279296875 0.126953125 0.0810546875
0 0.8173828125 0.5302734375 0.1123046875 0.0810546875
0 0.6904296875 0.396484375 0.1142578125 0.060546875
0 0.787109375 0.76953125 0.1201171875 0.068359375
0 0.2138671875 0.6826171875 0.111328125 0.072265625
0 0.1259765625 0.6943359375 0.1123046875 0.091796875
0 0.22265625 0.517578125 0.1044921875 0.0751953125
0 0.125 0.525390625 0.087890625 0.0908203125