0 0.37451533564814815 0.6140407986111112 0.3056134259259259 0.20526620370370363
0 0.16956018518518517 0.6380063657407407 0.1049406828703704 0.06616753472222214
0 0.21591435185185187 0.48833912037037036 0.09015480324074077 0.052394386574074026
0 0.2830078125 0.4195240162037037 0.09308449074074077 0.05241608796296293
0 0.21947337962962965 0.30092592592592593 0.09292534722222223 0.05046296296296293
0 0.07781394675925926 0.3146629050925926 0.13600983796296295 0.0761574074074074
0 0.11364293981481483 0.4139467592592593 0.11803385416666667 0.07114438657407407
0 0.2187934027777778 0.548828125 0.11871383101851851 0.05553385416666656
0 0.18001302083333331 0.17434172453703706 0.1303313078703704 0.06635561342592589
0 0.7365885416666667 0.2668402777777778 0.11755642361111107 0.06528501157407407
0 0.8262514467592592 0.2564163773148148 0.11882957175925934 0.08091001157407407
0 0.7036096643518519 0.4320240162037037 0.11193576388888893 0.06817129629629637
0 0.8017433449074074 0.4254412615740741 0.09563078703703698 0.08366608796296293