0 0.5020182291666666 0.6616536458333333 0.29354021990740753 0.21547309027777795
0 0.3007884837962963 0.6649956597222222 0.0991391782407407 0.07055121527777786
0 0.3165364583333333 0.5168836805555556 0.08632812499999998 0.05464409722222219
0 0.36974103009259257 0.4545789930555556 0.09123987268518519 0.05865885416666661
0 0.2817997685185185 0.3276041666666667 0.09222366898148149 0.059657118055555625
0 0.14309895833333333 0.32842881944444446 0.13044704861111112 0.07905815972222219
0 0.1980034722222222 0.4322048611111111 0.11776620370370372 0.08072916666666663
0 0.3326750578703704 0.5797526041666667 0.11761429398148149 0.06022135416666652
0 0.2163628472222222 0.19526909722222222 0.1235315393518519 0.06816406250000001
0 0.7954282407407407 0.34487847222222223 0.11476417824074092 0.07089843750000002
0 0.8833550347222222 0.34194878472222223 0.11784577546296293 0.09147135416666674
0 0.795189525462963 0.5089626736111111 0.10795717592592591 0.07465277777777768
0 0.892845775462963 0.5111328125 0.09245515046296293 0.09090711805555562