0 0.4765625 0.357421875 0.390625 0.25
0 0.8125 0.23828125 0.375 0.3232421875
0 0.591796875 0.2021484375 0.236328125 0.201171875
0 0.396484375 0.146484375 0.1591796875 0.091796875
0 0.2373046875 0.169921875 0.083984375 0.0390625
0 0.1103515625 0.1904296875 0.0830078125 0.072265625
0 0.0654296875 0.31640625 0.119140625 0.060546875
0 0.0185546875 0.287109375 0.037109375 0.064453125
0 0.166015625 0.142578125 0.1533203125 0.1123046875
0 0.1708984375 0.279296875 0.123046875 0.09375
0 0.353515625 0.2392578125 0.255859375 0.171875
0 0.2626953125 0.3603515625 0.056640625 0.0673828125
0 0.8251953125 0.5078125 0.349609375 0.23828125
0 0.072265625 0.263671875 0.1044921875 0.0732421875