0 0.333984375 0.5022135416666667 0.259765625 0.40116464120370376
0 0.23046875 0.18083224826388888 0.3232421875 0.36166449652777777
0 0.18359375 0.39673032407407405 0.203125 0.24002459490740735
0 0.1181640625 0.595435474537037 0.0830078125 0.15860098379629628
0 0.134765625 0.7527777777777778 0.041015625 0.08513454861111103
0 0.1494140625 0.8799479166666666 0.0751953125 0.08788339120370381
0 0.2724609375 0.9165364583333333 0.0625 0.12042824074074066
0 0.2412109375 0.9669849537037036 0.0625 0.037420428240740655
0 0.103515625 0.8276403356481481 0.1123046875 0.1571903935185186
0 0.2412109375 0.8136646412037037 0.0888671875 0.12374855324074074
0 0.208984375 0.6327184606481482 0.162109375 0.2535228587962963
0 0.326171875 0.7164858217592593 0.068359375 0.05823206018518512
0 0.5009765625 0.1601490162037037 0.248046875 0.3202980324074074
0 0.220703125 0.9123842592592593 0.068359375 0.10217737268518512