0 0.6099681712962963 0.4324435763888889 0.30292245370370363 0.4345920138888889
0 0.7066261574074074 0.7544704861111111 0.3461877893518519 0.392599826388889
0 0.7576316550925926 0.5373263888888888 0.23023726851851856 0.26818576388888893
0 0.826902488425926 0.33806423611111114 0.09316406250000009 0.16627604166666665
0 0.814626736111111 0.17921006944444445 0.05107783564814827 0.0903645833333333
0 0.8018735532407408 0.052582465277777775 0.08235677083333348 0.09509548611111111
0 0.6795211226851852 0.03997938368055555 0.07502170138888875 0.0799587673611111
0 0.8469328703703703 0.10514322916666667 0.11650028935185186 0.1615234375
0 0.7091941550925926 0.1203125 0.101461226851852 0.1338541666666667
0 0.7367621527777778 0.3002387152777778 0.1962745949074074 0.2797960069444445
0 0.6219256365740741 0.21779513888888888 0.06921296296296298 0.0636935763888889
0 0.43603153935185185 0.784375 0.29427083333333337 0.37725694444444446
0 0.7311631944444446 0.03741319444444444 0.0737991898148147 0.07482638888888889