0 0.9187861689814815 0.7839554398148147 0.1406684027777778 0.1763020833333333
0 0.41291956018518516 0.5166232638888889 0.08977864583333339 0.1445240162037036
0 0.48780381944444445 0.481322337962963 0.07353877314814816 0.10968605324074066
0 0.5273509837962963 0.5313078703703704 0.07923177083333344 0.11775173611111112
0 0.5941406250000001 0.44635416666666666 0.06326678240740735 0.10429687499999996
0 0.6500217013888889 0.5023654513888889 0.08478732638888875 0.11512586805555558
0 0.7066406249999999 0.4140118634259259 0.0829716435185186 0.12571614583333335
0 0.7561631944444445 0.7590060763888888 0.11615306712962958 0.17405960648148167
0 0.5561631944444445 0.7428674768518518 0.10115740740740753 0.13248697916666674
0 0.5587528935185185 0.8625144675925926 0.12150607638888888 0.16948061342592613
0 0.6642795138888888 0.9522786458333333 0.08587962962962958 0.041362847222222276