0 0.5595703125 0.19921875 0.060546875 0.048828125
0 0.841796875 0.275390625 0.0673828125 0.0654296875
0 0.4091796875 0.13671875 0.1044921875 0.0859375
0 0.138671875 0.091796875 0.107421875 0.0888671875
0 0.89453125 0.3369140625 0.0419921875 0.0498046875
0 0.224609375 0.404296875 0.1669921875 0.125
0 0.123046875 0.8505859375 0.0830078125 0.064453125
0 0.1025390625 0.201171875 0.037109375 0.0439453125
0 0.193359375 0.544921875 0.03125 0.021484375
0 0.1748046875 0.623046875 0.068359375 0.044921875
0 0.1357421875 0.65625 0.0185546875 0.0234375
0 0.123046875 0.767578125 0.025390625 0.0263671875
0 0.2314453125 0.8193359375 0.037109375 0.0361328125
0 0.234375 0.673828125 0.025390625 0.0234375
0 0.3955078125 0.84375 0.041015625 0.03125
0 0.2890625 0.736328125 0.0263671875 0.0263671875
0 0.4033203125 0.376953125 0.044921875 0.0498046875
0 0.4873046875 0.28515625 0.0517578125 0.037109375
0 0.517578125 0.3134765625 0.0673828125 0.0517578125
0 0.5869140625 0.2880859375 0.060546875 0.0439453125
0 0.841796875 0.2763671875 0.060546875 0.0546875
0 0.8916015625 0.337890625 0.0419921875 0.0517578125
0 0.8974609375 0.4169921875 0.0283203125 0.0419921875
0 0.623046875 0.375 0.037109375 0.0361328125
0 0.6630859375 0.4365234375 0.0419921875 0.0439453125
0 0.541015625 0.416015625 0.041015625 0.0361328125
0 0.3701171875 0.57421875 0.0361328125 0.033203125
0 0.58203125 0.564453125 0.0283203125 0.029296875
0 0.3935546875 0.58203125 0.0234375 0.0283203125
0 0.3505859375 0.66015625 0.0654296875 0.046875
0 0.3505859375 0.728515625 0.0205078125 0.0234375
0 0.5107421875 0.8046875 0.0361328125 0.0341796875
0 0.435546875 0.6435546875 0.0234375 0.03125
0 0.412109375 0.662109375 0.025390625 0.021484375
0 0.4931640625 0.7197265625 0.03125 0.041015625
0 0.490234375 0.666015625 0.03125 0.029296875
0 0.6103515625 0.853515625 0.03125 0.041015625
0 0.5244140625 0.6845703125 0.0439453125 0.0419921875
0 0.544921875 0.6396484375 0.0439453125 0.029296875
0 0.6025390625 0.5859375 0.0185546875 0.017578125
0 0.5771484375 0.591796875 0.0185546875 0.017578125
0 0.71875 0.6533203125 0.0576171875 0.052734375
0 0.6796875 0.67578125 0.029296875 0.015625
0 0.640625 0.6416015625 0.025390625 0.0283203125
0 0.615234375 0.6328125 0.021484375 0.0234375
0 0.861328125 0.7939453125 0.037109375 0.0361328125
0 0.6083984375 0.607421875 0.041015625 0.0263671875
0 0.5732421875 0.611328125 0.0283203125 0.017578125
0 0.673828125 0.7236328125 0.03125 0.0263671875
0 0.6181640625 0.71484375 0.056640625 0.037109375
0 0.869140625 0.85546875 0.0439453125 0.037109375
0 0.8125 0.892578125 0.0341796875 0.025390625
0 0.7529296875 0.8544921875 0.0185546875 0.033203125
0 0.7919921875 0.783203125 0.021484375 0.044921875
0 0.779296875 0.849609375 0.021484375 0.0234375
0 0.75 0.828125 0.03125 0.0263671875
0 0.73046875 0.814453125 0.0341796875 0.0361328125
0 0.6767578125 0.8388671875 0.021484375 0.0263671875
0 0.634765625 0.8154296875 0.0283203125 0.0234375
0 0.6484375 0.779296875 0.0283203125 0.0205078125
0 0.658203125 0.763671875 0.0361328125 0.0185546875
0 0.5947265625 0.767578125 0.0341796875 0.0205078125
0 0.748046875 0.7421875 0.025390625 0.0263671875
0 0.7783203125 0.7529296875 0.025390625 0.03125