0 0.2206814236111111 0.21395399305555557 0.053190104166666696 0.06560329861111114
0 0.5454644097222222 0.18817274305555554 0.05924479166666674 0.07452256944444446
0 0.24368489583333333 0.3258029513888889 0.0461371527777778 0.055685763888888906
0 0.6876519097222222 0.21139322916666667 0.05917968749999991 0.07159288194444446
0 0.4326605902777778 0.16820746527777777 0.06119791666666674 0.07456597222222222
0 0.7322699652777778 0.10878906249999999 0.04040798611111107 0.06141493055555555
0 0.7629557291666667 0.12667100694444444 0.05418836805555549 0.06660156249999999
0 0.801171875 0.21961805555555558 0.03845486111111107 0.06137152777777777
0 0.8312065972222222 0.2521701388888889 0.03687065972222214 0.03400607638888886
0 0.7927517361111112 0.36831597222222223 0.04010416666666661 0.04774305555555558
0 0.7569010416666666 0.3818142361111111 0.03009982638888875 0.03678385416666674
0 0.8806206597222223 0.7171223958333333 0.030230034722222188 0.04264322916666652
0 0.10907118055555555 0.33563368055555554 0.054014756944444436 0.058789062500000044
0 0.090625 0.29696180555555557 0.039995659722222215 0.04286024305555558
0 0.035655381944444446 0.37341579861111107 0.02406684027777778 0.028841145833333304
0 0.07671440972222222 0.3744574652777778 0.04014756944444445 0.04969618055555558
0 0.06497395833333333 0.4616753472222222 0.05112847222222222 0.060677083333333326
0 0.12046440972222222 0.4086588541666667 0.0402777777777778 0.05555555555555558
0 0.10052083333333334 0.47847222222222224 0.032248263888888906 0.04561631944444444
0 0.03693576388888889 0.5189670138888889 0.024348958333333337 0.041536458333333304
0 0.1398220486111111 0.4443793402777778 0.04986979166666666 0.04796006944444442
0 0.1775173611111111 0.469921875 0.03986545138888886 0.03700086805555558
0 0.24700520833333334 0.43125 0.03233506944444442 0.04952256944444444
0 0.5700303819444444 0.28240017361111114 0.03821614583333344 0.05062934027777777
0 0.4852864583333334 0.3380208333333333 0.04194878472222219 0.04290364583333339
0 0.41922743055555556 0.39908854166666663 0.04314236111111114 0.05269097222222219
0 0.45638020833333337 0.40021701388888886 0.026996527777777724 0.02890624999999991
0 0.21610243055555556 0.5355034722222223 0.037131076388888906 0.04572482638888875
0 0.17398003472222223 0.7064453125000001 0.03407118055555558 0.03980034722222214
0 0.20609809027777776 0.7887803819444444 0.037413194444444464 0.05842013888888897
0 0.24930555555555556 0.8425347222222221 0.034201388888888906 0.04565972222222214
0 0.2792534722222222 0.8711805555555556 0.02988281249999991 0.02701822916666652
0 0.34064670138888886 0.8639539930555555 0.02391493055555549 0.022005208333333304
0 0.6353732638888889 0.36497395833333335 0.04014756944444442 0.04969618055555558
0 0.6595052083333333 0.395703125 0.027061631944444553 0.03183593750000002
0 0.6109592013888889 0.45345052083333337 0.027191840277777768 0.03769531249999991
0 0.5705946180555556 0.43969184027777775 0.03005642361111116 0.03483072916666674
0 0.5286458333333334 0.442578125 0.03233506944444442 0.04952256944444444
0 0.4845052083333333 0.43476562500000004 0.03511284722222219 0.04275173611111116
0 0.42975260416666666 0.4770182291666667 0.026931423611111116 0.02597656249999991
0 0.5573784722222221 0.6803385416666667 0.03385416666666652 0.030034722222222143
0 0.47738715277777777 0.6420572916666667 0.028949652777777724 0.028949652777777946
0 0.5153862847222221 0.5933376736111111 0.026302083333333393 0.041579861111111116
0 0.42888454861111114 0.48192274305555555 0.027105034722222143 0.03378906250000002
0 0.415625 0.4568142361111111 0.03671874999999991 0.027170138888888862
0 0.27740885416666666 0.48040364583333334 0.037109375 0.04474826388888886
0 0.2170138888888889 0.5325520833333333 0.03515625 0.04470486111111116
0 0.4471571180555556 0.5127821180555556 0.02675781250000009 0.01816406249999991
0 0.4511501736111111 0.5605685763888889 0.026128472222222143 0.033767361111111116
0 0.4374565972222222 0.6038628472222223 0.03205295138888897 0.03682725694444455
0 0.3691840277777778 0.5213541666666667 0.037131076388888795 0.04572482638888897
0 0.3682942708333333 0.5692491319444444 0.030230034722222188 0.04264322916666652
0 0.35325520833333335 0.6399305555555556 0.034201388888888906 0.04565972222222214
0 0.36595052083333335 0.6836154513888888 0.03695746527777777 0.03791232638888875
0 0.31514756944444444 0.727734375 0.03993055555555558 0.03993055555555536
0 0.3104383680555556 0.5158203125 0.05848524305555558 0.040342881944444464
0 0.35920138888888886 0.46783854166666666 0.030099826388888973 0.03678385416666663
0 0.328125 0.4763454861111111 0.03407118055555558 0.039800347222222254
0 0.26349826388888886 0.5578993055555556 0.03693576388888897 0.03693576388888897
0 0.26458333333333334 0.5187934027777777 0.03695746527777777 0.03791232638888897
0 0.22393663194444446 0.5802734375 0.03678385416666663 0.03009982638888875
0 0.21881510416666666 0.6136067708333334 0.04279513888888886 0.03706597222222219
0 0.20399305555555555 0.6500868055555555 0.026323784722222243 0.042556423611111116
0 0.23582899305555555 0.7197265625 0.027278645833333337 0.04160156249999991
0 0.2828559027777778 0.6815538194444445 0.03993055555555558 0.03993055555555558
0 0.2659939236111111 0.7141710069444445 0.027061631944444442 0.03183593749999991
0 0.32439236111111114 0.7920138888888889 0.03797743055555558 0.03988715277777777
0 0.38671875 0.7828125 0.025976562500000022 0.026931423611111116
0 0.35225694444444444 0.81484375 0.024001736111111116 0.025911458333333304
0 0.3790364583333333 0.8328125 0.027061631944444442 0.03183593749999991
0 0.30976562500000004 0.5734809027777779 0.057964409722222276 0.06082899305555545
0 0.29312065972222223 0.6158637152777777 0.050911458333333326 0.050911458333333215
0 0.42877604166666666 0.5210069444444445 0.024262152777777768 0.037630208333333304
0 0.6091579861111112 0.06462673611111111 0.05835503472222214 0.034483506944444436