0 0.4724392361111111 0.7076605902777777 0.03925057870370374 0.037782118055555536
0 0.5389612268518518 0.055121527777777776 0.06252170138888902 0.05245225694444444
0 0.5166087962962963 0.5654730902777778 0.04947916666666674 0.046028645833333215
0 0.5323640046296296 0.4697482638888889 0.04936342592592591 0.044075520833333326
0 0.5257378472222223 0.42367621527777777 0.03907696759259238 0.034852430555555536
0 0.4472511574074074 0.7756944444444445 0.03603153935185188 0.03276909722222232
0 0.39341724537037037 0.8862847222222222 0.04608651620370363 0.0380859375
0 0.47636718749999996 0.6260199652777778 0.04907407407407405 0.039192708333333215
0 0.5676938657407407 0.3427517361111111 0.04930555555555571 0.043098958333333326
0 0.5843822337962963 0.14772135416666665 0.055396412037036935 0.04726562499999998
0 0.5760923032407408 0.23793402777777778 0.04965277777777777 0.048958333333333326
0 0.40183738425925924 0.8311414930555555 0.039076967592592604 0.034852430555555536