0 0.072265625 0.646484375 0.0732421875 0.1142578125
0 0.4755859375 0.134765625 0.0419921875 0.0625
0 0.3408203125 0.353515625 0.0546875 0.0625
0 0.423828125 0.306640625 0.037109375 0.037109375
0 0.3671875 0.375 0.0185546875 0.0341796875
0 0.3896484375 0.3857421875 0.0234375 0.03125
0 0.30859375 0.736328125 0.0888671875 0.109375
0 0.318359375 0.822265625 0.037109375 0.0419921875
0 0.3046875 0.8857421875 0.076171875 0.0576171875
0 0.349609375 0.69140625 0.068359375 0.060546875
0 0.35546875 0.62109375 0.0859375 0.142578125
0 0.408203125 0.6220703125 0.037109375 0.0595703125
0 0.541015625 0.244140625 0.025390625 0.0419921875
0 0.5546875 0.3173828125 0.033203125 0.044921875
0 0.509765625 0.33203125 0.021484375 0.041015625
0 0.427734375 0.458984375 0.03125 0.0361328125
0 0.4296875 0.4931640625 0.029296875 0.029296875
0 0.515625 0.5478515625 0.0341796875 0.0419921875
0 0.421875 0.748046875 0.1123046875 0.109375
0 0.421875 0.8857421875 0.017578125 0.033203125
0 0.458984375 0.8984375 0.068359375 0.033203125
0 0.5693359375 0.8974609375 0.025390625 0.025390625
0 0.72265625 0.90234375 0.025390625 0.021484375
0 0.791015625 0.8994140625 0.03125 0.0283203125
0 0.6865234375 0.8388671875 0.03125 0.0361328125
0 0.65234375 0.7939453125 0.015625 0.017578125
0 0.6357421875 0.7529296875 0.0234375 0.041015625
0 0.5556640625 0.677734375 0.0703125 0.0595703125
0 0.6767578125 0.4208984375 0.0234375 0.033203125
0 0.556640625 0.630859375 0.041015625 0.037109375
0 0.7880859375 0.8232421875 0.0283203125 0.021484375
0 0.87109375 0.7353515625 0.0361328125 0.03125
0 0.708984375 0.681640625 0.017578125 0.0107421875
0 0.73828125 0.65234375 0.0283203125 0.03125
0 0.685546875 0.6298828125 0.0185546875 0.015625
0 0.689453125 0.6044921875 0.029296875 0.0234375
0 0.8115234375 0.5546875 0.0234375 0.03125
0 0.708984375 0.5068359375 0.021484375 0.0234375
0 0.8759765625 0.48828125 0.0234375 0.0263671875
0 0.849609375 0.4814453125 0.0185546875 0.0234375
0 0.8515625 0.45703125 0.0283203125 0.03125
0 0.81640625 0.091796875 0.0234375 0.017578125
0 0.9189453125 0.126953125 0.0234375 0.03125
0 0.880859375 0.1650390625 0.0205078125 0.021484375
0 0.9580078125 0.21484375 0.0078125 0.0283203125
0 0.943359375 0.240234375 0.0205078125 0.017578125
0 0.91796875 0.4169921875 0.0205078125 0.033203125
0 0.9423828125 0.376953125 0.025390625 0.017578125
0 0.9443359375 0.3525390625 0.021484375 0.0234375
0 0.9296875 0.3251953125 0.0205078125 0.0205078125
0 0.8994140625 0.310546875 0.025390625 0.015625
0 0.9013671875 0.2861328125 0.0205078125 0.0234375
0 0.8681640625 0.279296875 0.015625 0.0263671875
0 0.876953125 0.2607421875 0.0185546875 0.0234375
0 0.859375 0.2197265625 0.0263671875 0.025390625
0 0.826171875 0.244140625 0.025390625 0.0205078125
0 0.810546875 0.2724609375 0.0185546875 0.021484375
0 0.814453125 0.3447265625 0.0185546875 0.025390625
0 0.7626953125 0.287109375 0.0185546875 0.0263671875
0 0.734375 0.302734375 0.0205078125 0.03125
0 0.748046875 0.3330078125 0.025390625 0.015625
0 0.748046875 0.4482421875 0.025390625 0.0263671875
0 0.7578125 0.427734375 0.0234375 0.033203125
0 0.7412109375 0.421875 0.0205078125 0.0283203125
0 0.779296875 0.3828125 0.0126953125 0.015625
0 0.7451171875 0.365234375 0.013671875 0.0205078125
0 0.7568359375 0.3564453125 0.013671875 0.015625
0 0.7744140625 0.3603515625 0.021484375 0.0185546875
0 0.7587890625 0.375 0.0205078125 0.025390625
0 0.5625 0.55078125 0.0078125 0.017578125