0 0.2587890625 0.6201171875 0.0654296875 0.076171875
0 0.779296875 0.6455078125 0.0810546875 0.095703125
0 0.841796875 0.8310546875 0.0673828125 0.0546875
0 0.572265625 0.8583984375 0.0595703125 0.0419921875
0 0.638671875 0.833984375 0.072265625 0.076171875
0 0.0458984375 0.818359375 0.0419921875 0.046875
0 0.1376953125 0.732421875 0.0595703125 0.060546875
0 0.173828125 0.580078125 0.0341796875 0.0419921875
0 0.1123046875 0.552734375 0.0673828125 0.0908203125
0 0.1220703125 0.4912109375 0.0654296875 0.068359375
0 0.146484375 0.408203125 0.052734375 0.0498046875
0 0.1611328125 0.447265625 0.0517578125 0.0498046875
0 0.2490234375 0.416015625 0.048828125 0.0517578125
0 0.216796875 0.15234375 0.041015625 0.0595703125
0 0.302734375 0.568359375 0.046875 0.056640625
0 0.3603515625 0.541015625 0.064453125 0.078125
0 0.41015625 0.5869140625 0.0625 0.0576171875
0 0.4267578125 0.494140625 0.044921875 0.068359375
0 0.748046875 0.572265625 0.0498046875 0.0546875
0 0.853515625 0.533203125 0.0625 0.0625
0 0.6455078125 0.5263671875 0.0732421875 0.072265625
0 0.603515625 0.4931640625 0.0498046875 0.056640625
0 0.58984375 0.4423828125 0.046875 0.0595703125
0 0.5185546875 0.4052734375 0.046875 0.0595703125
0 0.458984375 0.388671875 0.0419921875 0.052734375
0 0.4853515625 0.35546875 0.046875 0.0625
0 0.4794921875 0.2646484375 0.0498046875 0.0498046875
0 0.5107421875 0.244140625 0.0439453125 0.046875
0 0.43359375 0.1396484375 0.046875 0.048828125
0 0.216796875 0.1474609375 0.0517578125 0.0498046875
0 0.3291015625 0.0888671875 0.0341796875 0.025390625
0 0.51953125 0.0751953125 0.048828125 0.0234375
0 0.7236328125 0.4501953125 0.0498046875 0.072265625
0 0.8134765625 0.3994140625 0.056640625 0.0595703125
0 0.7666015625 0.4033203125 0.0595703125 0.0517578125
0 0.6826171875 0.4384765625 0.052734375 0.046875
0 0.68359375 0.3603515625 0.0439453125 0.048828125
0 0.607421875 0.3076171875 0.0498046875 0.0673828125
0 0.5771484375 0.251953125 0.0390625 0.056640625
0 0.583984375 0.1650390625 0.056640625 0.068359375
0 0.634765625 0.111328125 0.072265625 0.0859375
0 0.6796875 0.3232421875 0.0419921875 0.033203125
0 0.716796875 0.3154296875 0.048828125 0.044921875
0 0.83203125 0.271484375 0.052734375 0.0546875
0 0.7724609375 0.2626953125 0.0810546875 0.1142578125
0 0.8466796875 0.169921875 0.064453125 0.056640625
0 0.8623046875 0.080078125 0.083984375 0.099609375
0 0.9326171875 0.169921875 0.0439453125 0.1357421875
0 0.9052734375 0.1669921875 0.0439453125 0.115234375
0 0.765625 0.099609375 0.0625 0.0654296875
0 0.689453125 0.255859375 0.1123046875 0.1279296875
0 0.677734375 0.1748046875 0.056640625 0.0498046875
0 0.7041015625 0.126953125 0.056640625 0.078125
0 0.619140625 0.2294921875 0.052734375 0.0595703125