0 0.5654730902777778 0.22823350694444444 0.06199363425925908 0.05196759259259265
0 0.8499565972222223 0.31903935185185184 0.06932146990740762 0.06892361111111112
0 0.41323061342592593 0.15793547453703705 0.10703848379629632 0.09135561342592591
0 0.1413917824074074 0.09898726851851852 0.11005497685185184 0.09443721064814814
0 0.9045138888888888 0.38329716435185185 0.04346788194444429 0.05198206018518514
0 0.23658854166666668 0.41594328703703703 0.1706958912037037 0.13365885416666667
0 0.1482494212962963 0.8569661458333333 0.08491753472222219 0.06875723379629628
0 0.10849971064814815 0.2064887152777778 0.038411458333333315 0.04586950231481479
0 0.20950520833333333 0.5549479166666667 0.03188657407407408 0.023104745370370328
0 0.19326533564814816 0.6321108217592593 0.06969039351851852 0.04846643518518512
0 0.15518663194444443 0.6632884837962963 0.019249131944444442 0.024399594907407396
0 0.14578993055555556 0.7739583333333333 0.02617187500000001 0.027683738425925863
0 0.25572193287037037 0.8313368055555556 0.038179976851851816 0.03805700231481479
0 0.2543402777777778 0.6859809027777778 0.026085069444444442 0.024754050925925863
0 0.4205078125 0.8642578125 0.041941550925926 0.03337673611111103
0 0.3108796296296297 0.7513165509259259 0.027148437499999956 0.02773437500000009
0 0.4144892939814815 0.3978660300925926 0.04639756944444451 0.052133969907407485
0 0.495753761574074 0.310423900462963 0.052857349537037024 0.03979311342592595
0 0.5268663194444445 0.34031394675925924 0.0689163773148147 0.055251736111111116
0 0.5954499421296295 0.31851851851851853 0.06184895833333348 0.04708478009259265
0 0.8499855324074074 0.32001591435185184 0.06216724537037033 0.05782696759259265
0 0.901613136574074 0.3841218171296297 0.0435257523148147 0.05393518518518525
0 0.9098162615740741 0.4635271990740741 0.029564525462963065 0.04346064814814821
0 0.6341579861111111 0.40730613425925927 0.038179976851851816 0.03805700231481479
0 0.6760199652777779 0.4709056712962963 0.04329427083333348 0.04612268518518514
0 0.5533420138888889 0.44406828703703705 0.042086226851851816 0.03825954861111114
0 0.3871310763888889 0.5934100115740741 0.0371166087962963 0.035076678240740566
0 0.598755787037037 0.5946325231481482 0.02918836805555558 0.030765335648148096
0 0.4108000578703704 0.6024377893518518 0.024276620370370372 0.029535590277777857
0 0.3701461226851852 0.6783347800925925 0.06681857638888888 0.05026765046296289
0 0.3721715856481482 0.7466941550925925 0.021202256944444442 0.024500868055555625
0 0.5345847800925926 0.8311704282407407 0.0371455439814814 0.03605324074074079
0 0.454615162037037 0.666138599537037 0.024363425925925997 0.03246527777777786
0 0.4317274305555555 0.6834780092592593 0.026027199074074137 0.022800925925925863
0 0.5144892939814815 0.7452980324074074 0.03246527777777786 0.04263599537037033
0 0.5099681712962962 0.6914351851851852 0.03211805555555558 0.030917245370370328
0 0.6356409143518518 0.8851634837962963 0.03246527777777786 0.04263599537037033
0 0.5446976273148147 0.7117621527777778 0.045189525462963065 0.04427083333333326
0 0.5638744212962963 0.6679036458333334 0.04481336805555558 0.03157552083333348
0 0.6199001736111112 0.6171802662037037 0.019075520833333304 0.018540219907407396
0 0.5946831597222222 0.6217230902777777 0.019075520833333304 0.018540219907407618
0 0.738107638888889 0.6905888310185185 0.05917968749999991 0.055721932870370416
0 0.6997106481481481 0.7110243055555556 0.029759837962962887 0.01714409722222232
0 0.6596354166666667 0.6748191550925926 0.026229745370370372 0.029636863425925863
0 0.633984375 0.6647135416666666 0.022178819444444553 0.024551504629629628
0 0.8848524305555556 0.8386067708333333 0.038179976851851816 0.03805700231481479
0 0.6263961226851852 0.6389684606481482 0.041796874999999956 0.028493923611111027
0 0.5913556134259259 0.6410517939814815 0.028841145833333304 0.019046585648148096
0 0.6952690972222222 0.7585720486111112 0.03203125000000018 0.027987557870370328
0 0.6393446180555555 0.746896701388889 0.057740162037037024 0.04004629629629619
0 0.8944878472222222 0.9005353009259259 0.045044849537037024 0.03938802083333326
0 0.8389467592592592 0.9347077546296296 0.03493200231481497 0.02716290509259256
0 0.778247974537037 0.8935329861111111 0.01953848379629619 0.034165219907407396
0 0.8151982060185186 0.8242693865740741 0.02281539351851869 0.04603587962962963
0 0.8044704861111112 0.8900173611111111 0.022178819444444553 0.024551504629629628
0 0.774537037037037 0.867013888888889 0.032031249999999956 0.027987557870370328
0 0.7546006944444444 0.8523292824074074 0.035250289351851816 0.03790509259259256
0 0.7016131365740741 0.8739583333333333 0.022265624999999956 0.027481192129629628
0 0.6589265046296295 0.8483434606481481 0.029014756944444553 0.024905960648148096
0 0.6715277777777777 0.8129195601851852 0.02892795138888893 0.021976273148148096
0 0.6808304398148148 0.797800925925926 0.03668258101851851 0.020428240740740566
0 0.6174696180555556 0.7984157986111111 0.03478732638888893 0.02228009259259256
0 0.7700376157407407 0.7809751157407407 0.026171875000000178 0.027683738425925863
0 0.8006293402777778 0.7932870370370371 0.026316550925925997 0.03256655092592586