0 0.4228515625 0.5341796875 0.0888671875 0.072265625
0 0.291015625 0.4091796875 0.095703125 0.0703125
0 0.6728515625 0.3125 0.0498046875 0.037109375
0 0.4892578125 0.431640625 0.068359375 0.0517578125
0 0.6162109375 0.41015625 0.048828125 0.029296875
0 0.4462890625 0.3310546875 0.052734375 0.0439453125
0 0.4580078125 0.375 0.052734375 0.0419921875
0 0.498046875 0.359375 0.0546875 0.0576171875
0 0.50390625 0.30859375 0.0419921875 0.041015625
0 0.4755859375 0.31640625 0.03125 0.037109375
0 0.5458984375 0.3564453125 0.0341796875 0.0439453125
0 0.58203125 0.375 0.0390625 0.03125
0 0.544921875 0.392578125 0.0498046875 0.0361328125
0 0.53125 0.3212890625 0.0498046875 0.0361328125
0 0.572265625 0.349609375 0.0390625 0.03125
0 0.57421875 0.3271484375 0.0341796875 0.025390625