0 0.4038411458333333 0.5009620949074074 0.03964120370370372 0.051851851851851816
0 0.7762659143518519 0.5950882523148149 0.046780960648148184 0.05826822916666652
0 0.5889105902777778 0.5325593171296297 0.03866464120370372 0.051772280092592604
0 0.6853949652777778 0.6034649884259259 0.043851273148148184 0.058029513888888884
0 0.20347222222222222 0.42685185185185187 0.0383101851851852 0.044936342592592604
0 0.15650318287037038 0.37622251157407405 0.03605324074074073 0.03891782407407418
0 0.4741608796296296 0.5701099537037038 0.036508969907407485 0.04770688657407396
0 0.2836154513888889 0.43782552083333337 0.027112268518518556 0.03527199074074083
0 0.12177372685185185 0.333347800925926 0.03019386574074076 0.03844039351851847
0 0.25107060185185187 0.4278356481481481 0.03276909722222221 0.031843171296296324
0 0.8658203124999999 0.6121021412037038 0.05587384259259265 0.06484375000000009
0 0.09522569444444445 0.30147569444444444 0.02690972222222221 0.03136574074074072
0 0.3462456597222222 0.4677300347222222 0.030649594907407485 0.04722945601851847
0 0.31200086805555555 0.4530164930555556 0.02278645833333337 0.04561631944444444