0 0.3392433449074074 0.16283998842592592 0.032421875000000044 0.05512152777777779
0 0.19664351851851852 0.2240234375 0.022533275462962965 0.03585069444444444
0 0.7484302662037037 0.2441767939814815 0.06495225694444429 0.09567418981481479
0 0.8208478009259259 0.28492476851851856 0.052604166666666785 0.10049913194444438
0 0.8726056134259259 0.2807074652777778 0.04903790509259265 0.08951822916666663
0 0.8299985532407408 0.7701027199074074 0.051678240740740566 0.08487413194444438
0 0.8994285300925926 0.8120659722222222 0.10727719907407396 0.2031105324074074
0 0.8042100694444445 0.6312861689814815 0.053631365740740566 0.08503327546296302
0 0.9069733796296295 0.6355468750000001 0.04506655092592604 0.07170138888888888
0 0.9136718749999999 0.5553096064814815 0.07408854166666679 0.10224971064814814
0 0.08765914351851853 0.39034288194444444 0.013621238425925941 0.016659432870370416
0 0.09524739583333333 0.37709056712962963 0.016724537037037024 0.019827835648148162
0 0.10639467592592593 0.36937934027777775 0.013910590277777773 0.021542245370370416
0 0.11937934027777777 0.36346209490740744 0.013736979166666663 0.018612557870370416
0 0.12724247685185186 0.3783709490740741 0.013505497685185164 0.014706307870370416
0 0.13700086805555556 0.3940972222222222 0.013621238425925941 0.016659432870370416
0 0.1423538773148148 0.5005642361111111 0.05360966435185188 0.035467303240740655
0 0.1605541087962963 0.5214337384259259 0.05253182870370371 0.06647858796296302
0 0.10958478009259259 0.5615451388888889 0.05270543981481479 0.06940827546296302
0 0.1488642939814815 0.5875 0.05443431712962965 0.08218315972222223
0 0.14952256944444445 0.6583912037037037 0.05426070601851851 0.07925347222222223
0 0.10156973379629629 0.6311993634259259 0.0648292824074074 0.07719907407407423
0 0.07055844907407408 0.6133174189814814 0.05311053240740743 0.0762442129629628
0 0.06144386574074075 0.7015263310185185 0.055070891203703703 0.09292534722222223
0 0.10372540509259259 0.6932219328703704 0.07276475694444445 0.09631076388888893
0 0.4976996527777778 0.22767650462962963 0.020529513888888906 0.051236979166666696
0 0.5170572916666667 0.22901475694444445 0.026099537037036935 0.04683159722222219
0 0.536009837962963 0.23718894675925925 0.02839265046296302 0.03632812499999999
0 0.5546730324074074 0.2502459490740741 0.022706886574074048 0.03878038194444444
0 0.570066550925926 0.25287905092592594 0.02557870370370363 0.03804253472222219
0 0.5974681712962964 0.24967447916666669 0.0225332754629628 0.03585069444444444
0 0.48258101851851853 0.25320457175925926 0.022996238425925908 0.04366319444444444
0 0.4705078125 0.27654079861111114 0.023574942129629628 0.05342881944444444
0 0.46121238425925926 0.25300202546296297 0.02311197916666663 0.04561631944444444
0 0.4451171875 0.27860966435185186 0.02604166666666663 0.04585503472222219
0 0.4317418981481481 0.25831886574074076 0.02586805555555549 0.04292534722222219
0 0.4071469907407408 0.279759837962963 0.02586805555555549 0.04292534722222219
0 0.38428096064814815 0.288425925925926 0.026215277777777768 0.04878472222222219
0 0.5039424189814814 0.2699291087962963 0.02311197916666652 0.04561631944444444
0 0.6071686921296295 0.26637731481481486 0.012304687499999911 0.02724247685185177
0 0.6195167824074075 0.27120225694444444 0.019429976851851993 0.032682291666666696
0 0.6391059027777778 0.26863425925925927 0.028855613425925908 0.04414062499999993
0 0.6600043402777778 0.29317129629629635 0.029144965277777768 0.049023437500000044
0 0.6733868634259259 0.29694010416666666 0.02253327546296302 0.03585069444444444
0 0.6714192708333333 0.3301432291666667 0.02897135416666652 0.046093750000000044
0 0.6903211805555556 0.3227719907407407 0.025868055555555713 0.04292534722222219
0 0.632884837962963 0.3080150462962963 0.023169849537036935 0.04659288194444444
0 0.6139322916666667 0.2998408564814815 0.022938368055555713 0.04268663194444455
0 0.5911313657407408 0.2910083912037037 0.025925925925925908 0.04390190972222219
0 0.5676359953703703 0.2938946759259259 0.02586805555555549 0.04292534722222219
0 0.5482277199074074 0.2770109953703704 0.027589699074074048 0.03917824074074072
0 0.5284722222222222 0.2659866898148148 0.025925925925925908 0.04390190972222219
0 0.4853732638888889 0.3044849537037037 0.0214482060185186 0.05033998842592591
0 0.49089988425925923 0.2768229166666667 0.01989293981481488 0.040494791666666696
0 0.4610677083333333 0.32104311342592595 0.026388888888888906 0.05171440972222219
0 0.4413049768518519 0.32654079861111107 0.029144965277777768 0.049023437500000044
0 0.42390769675925927 0.30852141203703703 0.02115885416666663 0.04545717592592591
0 0.4173466435185185 0.3372395833333333 0.023632812500000044 0.05440538194444444
0 0.40046296296296297 0.32695312499999996 0.026678240740740766 0.05659722222222219
0 0.37030526620370374 0.32746672453703707 0.03114872685185177 0.03363715277777768
0 0.3485894097222222 0.3331235532407407 0.02557870370370363 0.03804253472222219
0 0.3281322337962963 0.35033998842592595 0.028168402777777768 0.04894386574074083
0 0.30985966435185186 0.3634910300925926 0.023972800925925908 0.043742766203703654
0 0.2964626736111111 0.3927662037037037 0.028342013888888906 0.05187355324074072
0 0.28273292824074076 0.39485677083333337 0.028334780092592604 0.035351562500000044
0 0.29092881944444443 0.4369502314814815 0.026215277777777768 0.04878472222222219
0 0.2669704861111111 0.4476490162037037 0.029144965277777768 0.049023437500000044
0 0.24651331018518519 0.4648654513888889 0.02546296296296302 0.03608940972222219
0 0.23914207175925925 0.5072554976851852 0.030461516203703687 0.03844039351851847
0 0.25948350694444444 0.4919921875 0.023459201388888906 0.05147569444444444
0 0.280859375 0.47567274305555557 0.02724247685185177 0.03331886574074072
0 0.27705439814814814 0.507081886574074 0.03172743055555549 0.04340277777777768
0 0.2981987847222222 0.4946686921296296 0.02282262731481477 0.04073350694444455
0 0.3100477430555556 0.45871672453703705 0.02586805555555549 0.04292534722222219
0 0.3275824652777778 0.4252170138888889 0.024146412037037046 0.046672453703703765
0 0.3166087962962963 0.42999855324074077 0.026099537037037046 0.04683159722222219
0 0.32007378472222225 0.38792679398148144 0.02528935185185177 0.03315972222222219
0 0.3410445601851852 0.378443287037037 0.026215277777777768 0.04878472222222219
0 0.3604094328703704 0.3632595486111111 0.02799479166666674 0.04601417824074083
0 0.37959346064814814 0.367527488425926 0.026215277777777768 0.04878472222222219
0 0.39675925925925926 0.389453125 0.02799479166666663 0.04601417824074072
0 0.41870659722222225 0.3798900462962963 0.020703125000000044 0.054166666666666696
0 0.43226273148148153 0.3807291666666667 0.020703125000000044 0.054166666666666696
0 0.4477719907407407 0.3814091435185185 0.02069589120370363 0.03764467592592591
0 0.44959490740740743 0.41624710648148144 0.028334780092592604 0.035351562500000044
0 0.47248263888888886 0.3580150462962963 0.023285590277777768 0.04854600694444455
0 0.4595413773148148 0.39599971064814815 0.020522280092592604 0.03471498842592591
0 0.48724681712962964 0.3548683449074074 0.021043113425925908 0.04350405092592591
0 0.5050708912037036 0.3164858217592592 0.0283926504629628 0.036328125000000044
0 0.5052879050925926 0.34562355324074073 0.02293836805555549 0.04268663194444444
0 0.5308593749999999 0.3241030092592593 0.02799479166666652 0.04601417824074072
0 0.5430989583333334 0.3143590856481482 0.029029224537036935 0.047070312500000044
0 0.5609519675925927 0.34108796296296295 0.024146412037036935 0.046672453703703765
0 0.5426215277777777 0.35521556712962965 0.021506076388889017 0.05131655092592591
0 0.5209056712962963 0.36087239583333336 0.02311197916666652 0.04561631944444444
0 0.4961371527777778 0.38524305555555555 0.022186053240740744 0.029991319444444442
0 0.4759114583333333 0.3985532407407407 0.023169849537037046 0.04659288194444444
0 0.5862268518518519 0.34097222222222223 0.02604166666666674 0.04585503472222219
0 0.6040292245370371 0.3521556712962963 0.028797743055555713 0.043164062500000044
0 0.6238425925925926 0.3622034143518519 0.028052662037036935 0.04699074074074083
0 0.6365885416666667 0.3767144097222222 0.023459201388888795 0.05147569444444444
0 0.6497540509259259 0.35134548611111116 0.020008680555555713 0.042447916666666696
0 0.6555410879629631 0.384888599537037 0.029029224537036935 0.047070312500000044
0 0.6705946180555555 0.37685908564814813 0.03190104166666652 0.04633246527777779
0 0.6900173611111111 0.3606987847222223 0.023162615740740744 0.030070891203703765
0 0.7087456597222221 0.3562572337962963 0.028342013888889017 0.05187355324074072
0 0.7229311342592593 0.3628761574074074 0.028168402777777768 0.04894386574074072
0 0.7438295717592593 0.38741319444444444 0.02362557870370363 0.037883391203703765
0 0.7318721064814815 0.4087962962962963 0.023683449074074048 0.038859953703703765
0 0.7115957754629629 0.40656105324074077 0.022938368055555713 0.04268663194444444
0 0.6847149884259259 0.4009765625 0.02897135416666674 0.046093750000000044
0 0.7519169560185185 0.4149377893518519 0.028334780092592604 0.035351562500000044
0 0.7383463541666666 0.447142650462963 0.02379918981481488 0.040813078703703765
0 0.758738425925926 0.44742476851851853 0.030519386574074048 0.03941695601851847
0 0.7640190972222223 0.45671296296296293 0.02850839120370363 0.038281250000000044
0 0.7770471643518518 0.4828631365740741 0.025636574074074048 0.03901909722222219
0 0.22545572916666667 0.5414134837962963 0.025868055555555547 0.04292534722222219
0 0.24900896990740742 0.5375506365740741 0.023401331018518545 0.05049913194444455
0 0.26784577546296295 0.5476779513888889 0.029144965277777768 0.049023437500000044
0 0.25892650462962963 0.5833912037037037 0.022996238425925908 0.04366319444444455
0 0.24032118055555557 0.5693576388888889 0.025636574074074048 0.03901909722222219
0 0.22204861111111113 0.5825086805555555 0.02712673611111116 0.03136574074074083
0 0.20939670138888888 0.6156105324074075 0.023451967592592604 0.03495370370370354
0 0.20305989583333334 0.6569444444444444 0.019603587962962965 0.035611979166666696
0 0.20224247685185187 0.6871383101851851 0.025115740740740744 0.03023003472222241
0 0.18649450231481482 0.7068865740740742 0.022996238425925908 0.04366319444444455
0 0.20504195601851855 0.7218967013888888 0.021043113425925908 0.04350405092592613
0 0.1916449652777778 0.751171875 0.025405092592592604 0.03511284722222241
0 0.17905092592592592 0.7832971643518518 0.025636574074074048 0.03901909722222241
0 0.22468894675925927 0.7183521412037037 0.023451967592592604 0.034953703703703765
0 0.21867766203703703 0.6721932870370371 0.022706886574074048 0.03878038194444455
0 0.220703125 0.6380135995370371 0.03344907407407405 0.039655671296296324
0 0.3506221064814815 0.4136212384259259 0.02839265046296302 0.036328125000000044
0 0.36929253472222223 0.41015625 0.03695746527777777 0.04966001157407407
0 0.3886429398148148 0.42801649305555556 0.028045428240740744 0.030468750000000044
0 0.4071397569444445 0.42748119212962965 0.023683449074074048 0.038859953703703765
0 0.427416087962963 0.4297164351851852 0.025115740740740744 0.030230034722222188
0 0.4496527777777778 0.41527054398148144 0.028334780092592604 0.035351562500000044
0 0.4770978009259259 0.4441333912037037 0.02253327546296302 0.03585069444444444
0 0.4894314236111111 0.4820023148148148 0.02311197916666663 0.04561631944444455
0 0.4566478587962963 0.44482783564814815 0.022706886574074048 0.03878038194444444
0 0.4365379050925926 0.4561848958333333 0.02018229166666674 0.045377604166666696
0 0.4177517361111111 0.4616030092592593 0.022706886574074048 0.03878038194444444
0 0.3979890046296296 0.46710069444444446 0.02293836805555549 0.04268663194444444
0 0.3774739583333333 0.4852936921296296 0.024262152777777768 0.048625578703703765
0 0.3661747685185185 0.44636863425925927 0.025925925925925908 0.04390190972222219
0 0.351171875 0.4699435763888889 0.02391493055555549 0.042766203703703654
0 0.3287037037037037 0.4882957175925926 0.022475405092592604 0.03487413194444433
0 0.33525752314814816 0.47609953703703706 0.022706886574074048 0.03878038194444444
0 0.3219184027777778 0.5043981481481482 0.025868055555555602 0.04292534722222219
0 0.30191695601851853 0.530324074074074 0.022706886574074048 0.03878038194444455
0 0.29133391203703707 0.5613136574074074 0.02293836805555549 0.04268663194444455
0 0.2831090856481482 0.5853081597222223 0.027589699074074048 0.03917824074074083
0 0.2797670717592593 0.6089048032407407 0.028566261574074048 0.03925781249999982
0 0.2629195601851852 0.6472077546296295 0.022706886574074048 0.03878038194444455
0 0.23860677083333334 0.6802879050925925 0.023285590277777823 0.04854600694444455
0 0.2610677083333333 0.6784577546296297 0.028045428240740744 0.030468750000000044
0 0.23111255787037038 0.6099537037037037 0.020059317129629606 0.026902488425925908
0 0.24419849537037036 0.6351273148148149 0.022359664351851882 0.03292100694444455
0 0.36200810185185184 0.5166811342592592 0.028168402777777768 0.04894386574074083
0 0.34735243055555554 0.5343967013888888 0.019777199074074048 0.038541666666666696
0 0.2515625 0.6092592592592592 0.027589699074074048 0.03917824074074083
0 0.33563368055555554 0.5353515625 0.026099537037036935 0.04683159722222241
0 0.3207465277777778 0.5569733796296297 0.026388888888888906 0.05171440972222241
0 0.3126302083333333 0.5955367476851852 0.02782118055555549 0.04308449074074083
0 0.3032552083333333 0.6225405092592593 0.02586805555555549 0.04292534722222241
0 0.29020543981481484 0.6459563078703704 0.025115740740740744 0.030230034722222188
0 0.28875868055555554 0.6703703703703704 0.025115740740740744 0.030230034722222188
0 0.31496672453703706 0.6381076388888889 0.029144965277777768 0.049023437500000044
0 0.3129412615740741 0.6722873263888889 0.02868200231481488 0.041210937500000044
0 0.5074435763888889 0.4076461226851852 0.026099537037036935 0.04683159722222219
0 0.49003182870370365 0.42267071759259256 0.01960358796296302 0.035611979166666696
0 0.5027126736111112 0.4546802662037037 0.03172743055555549 0.04340277777777779
0 0.5058015046296296 0.48455584490740744 0.019429976851851993 0.032682291666666696
0 0.5290219907407407 0.4535083912037037 0.026215277777777768 0.04878472222222219
0 0.5343315972222222 0.39670862268518514 0.025115740740740744 0.030230034722222188
0 0.5393807870370371 0.40990306712962965 0.0254629629629628 0.03608940972222219
0 0.5604600694444444 0.41498842592592594 0.022938368055555713 0.04268663194444444
0 0.5742621527777778 0.3788773148148148 0.02018229166666652 0.045377604166666696
0 0.5557074652777778 0.38038917824074076 0.022359664351851993 0.03292100694444444
0 0.5921802662037037 0.3881076388888889 0.025405092592592604 0.03511284722222219
0 0.5831452546296296 0.4257740162037037 0.02098524305555549 0.04252748842592591
0 0.5741102430555556 0.4634403935185185 0.02264901620370363 0.03780381944444444
0 0.5546440972222222 0.44753327546296295 0.023914930555555713 0.042766203703703765
0 0.5307798032407407 0.5058449074074074 0.02264901620370363 0.03780381944444455
0 0.5522714120370371 0.48757233796296295 0.023336226851851993 0.033000578703703765
0 0.5644965277777778 0.5108723958333333 0.022706886574074048 0.03878038194444455
0 0.5829427083333334 0.4947916666666667 0.022012442129629495 0.027061631944444442
0 0.60859375 0.422728587962963 0.023285590277777768 0.04854600694444444
0 0.6264612268518519 0.4164134837962963 0.023285590277777768 0.04854600694444444
0 0.6400101273148149 0.43377459490740744 0.028566261574074048 0.039257812500000044
0 0.6593098958333333 0.4360894097222222 0.030975115740740744 0.03070746527777779
0 0.692628761574074 0.43143084490740746 0.028797743055555713 0.043164062500000044
0 0.6739438657407407 0.46793981481481484 0.02293836805555549 0.04268663194444444
0 0.6915726273148148 0.48205295138888893 0.02586805555555549 0.04292534722222219
0 0.7099681712962963 0.45042679398148144 0.03327546296296302 0.036725983796296324
0 0.7159866898148148 0.4800636574074074 0.026099537037036935 0.04683159722222219
0 0.7383463541666666 0.447142650462963 0.02575231481481488 0.04097222222222219
0 0.7538917824074074 0.496412037037037 0.02362557870370363 0.037883391203703654
0 0.7360315393518518 0.486205150462963 0.02058015046296302 0.03569155092592591
0 0.7907624421296297 0.5138165509259259 0.01960358796296302 0.035611979166666696
0 0.7914351851851852 0.5516637731481482 0.025405092592592604 0.03511284722222219
0 0.772583912037037 0.5745804398148149 0.014894386574074048 0.038143807870370416
0 0.7949797453703704 0.5902488425925927 0.022359664351851993 0.03292100694444455
0 0.774341724537037 0.6269169560185186 0.02397280092592613 0.04374276620370354
0 0.7752459490740741 0.5296585648148149 0.02000868055555549 0.042447916666666696
0 0.7557653356481482 0.5467954282407408 0.028168402777777768 0.04894386574074083
0 0.7479311342592593 0.5969979745370371 0.02391493055555549 0.04276620370370354
0 0.7369357638888889 0.5201461226851851 0.02282262731481488 0.04073350694444455
0 0.4673755787037037 0.4769965277777778 0.023285590277777768 0.04854600694444433
0 0.43852719907407406 0.504615162037037 0.019545717592592604 0.034635416666666696
0 0.44938512731481484 0.5017867476851852 0.022706886574074048 0.03878038194444455
0 0.4209346064814815 0.5390914351851852 0.022186053240740744 0.029991319444444553
0 0.4193431712962963 0.5003472222222223 0.03178530092592591 0.04437934027777768
0 0.3898726851851852 0.5056640625 0.020934606481481488 0.058072916666666696
0 0.40261140046296295 0.5366970486111111 0.02311197916666674 0.04561631944444455
0 0.3691116898148148 0.5608072916666667 0.02604166666666674 0.04585503472222219
0 0.38795572916666665 0.5544126157407407 0.036154513888888795 0.05251012731481475
0 0.3754195601851852 0.5855613425925926 0.02000868055555549 0.042447916666666696
0 0.35961371527777775 0.6062861689814815 0.02391493055555549 0.042766203703703765
0 0.34118923611111107 0.5728009259259259 0.02546296296296302 0.03608940972222219
0 0.33250144675925924 0.6046079282407407 0.020355902777777768 0.048307291666666696
0 0.3503616898148148 0.6148148148148148 0.026099537037037046 0.04683159722222219
0 0.3438512731481481 0.6590784143518518 0.03190104166666674 0.04633246527777768
0 0.34699074074074077 0.7044994212962963 0.02311197916666674 0.04561631944444455
0 0.33119936342592593 0.6921802662037038 0.011270254629629606 0.02618634259259256
0 0.5957682291666666 0.45876012731481486 0.025636574074074048 0.03901909722222219
0 0.6275896990740741 0.4629701967592592 0.0283926504629628 0.036328125000000044
0 0.599146412037037 0.4837528935185185 0.020232928240740744 0.029832175925925908
0 0.5801142939814814 0.526121238425926 0.019429976851851993 0.032682291666666696
0 0.5967737268518518 0.5237919560185185 0.024262152777777768 0.04862557870370354
0 0.6089988425925925 0.5470920138888888 0.023169849537036935 0.04659288194444455
0 0.6173177083333333 0.5707103587962963 0.02586805555555549 0.04292534722222219
0 0.6145905671296297 0.5019314236111111 0.022706886574074048 0.03878038194444455
0 0.6439525462962963 0.4820457175925926 0.03063512731481488 0.04137008101851847
0 0.6319878472222222 0.5199508101851852 0.025115740740740744 0.030230034722222188
0 0.6420862268518519 0.5463396990740741 0.020232928240740744 0.029832175925925908
0 0.6344762731481481 0.6091579861111112 0.025925925925925908 0.04390190972222241
0 0.6536385995370371 0.5317925347222222 0.025115740740740744 0.030230034722222188
0 0.6567563657407407 0.495580150462963 0.019429976851851993 0.032682291666666696
0 0.675535300925926 0.5066840277777778 0.02282262731481488 0.04073350694444455
0 0.6978153935185185 0.5243055555555556 0.02282262731481488 0.04073350694444455
0 0.6790219907407407 0.5462456597222223 0.023169849537036935 0.04659288194444455
0 0.6563802083333333 0.5675274884259259 0.023459201388888795 0.05147569444444433
0 0.6479600694444445 0.644017650462963 0.025868055555555713 0.04292534722222219
0 0.6595558449074075 0.6615379050925926 0.025868055555555713 0.04292534722222219
0 0.6740596064814814 0.5971860532407407 0.028334780092592604 0.03535156249999982
0 0.6921079282407407 0.5714192708333334 0.023632812500000044 0.05440538194444455
0 0.7161313657407408 0.5432219328703705 0.03149594907407405 0.03949652777777768
0 0.7322627314814815 0.5662037037037038 0.025636574074074048 0.03901909722222241
0 0.7249493634259259 0.6076171875 0.022938368055555713 0.04268663194444455
0 0.709910300925926 0.5826027199074074 0.025289351851851993 0.03315972222222219
0 0.7057581018518518 0.619871238425926 0.025636574074074048 0.03901909722222219
0 0.6845630787037037 0.6167390046296296 0.02557870370370363 0.03804253472222219
0 0.684375 0.6527126736111111 0.0283926504629628 0.03632812499999982
0 0.665111400462963 0.6989872685185186 0.025289351851851993 0.03315972222222219
0 0.6911892361111112 0.7017216435185185 0.029144965277777768 0.049023437500000044
0 0.7090133101851852 0.6633391203703705 0.02293836805555549 0.04268663194444455
0 0.7152633101851852 0.6890697337962963 0.026504629629629628 0.05366753472222219
0 0.7248914930555556 0.60859375 0.02018229166666674 0.045377604166666696
0 0.7347005208333333 0.6398654513888888 0.0274160879629628 0.03624855324074083
0 0.7322916666666667 0.7625144675925926 0.02018229166666674 0.045377604166666696
0 0.7093822337962963 0.7391131365740742 0.028168402777777768 0.04894386574074083
0 0.7405454282407408 0.6724320023148149 0.02782118055555549 0.04308449074074083
0 0.753197337962963 0.6393301504629629 0.02311197916666674 0.04561631944444455
0 0.7658781828703703 0.6713396990740741 0.026215277777777768 0.04878472222222219
0 0.7805844907407408 0.6691695601851853 0.02586805555555549 0.04292534722222241
0 0.8030815972222223 0.7159288194444444 0.028334780092592382 0.03535156249999982
0 0.7824580439814814 0.7195529513888889 0.021506076388889017 0.05131655092592591
0 0.7335792824074074 0.7079861111111112 0.0225332754629628 0.03585069444444455
0 0.7562138310185185 0.7032262731481481 0.027871817129629495 0.027539062500000044
0 0.742990451388889 0.7295717592592592 0.022989004629629495 0.027141203703703543
0 0.7646484375 0.7248914930555557 0.028052662037036935 0.04699074074074083
0 0.7542390046296297 0.7529513888888889 0.033912037037036935 0.047468171296296324
0 0.7710648148148148 0.7642144097222223 0.02235966435185177 0.03292100694444455
0 0.8050491898148149 0.6827256944444444 0.025289351851851993 0.03315972222222219
0 0.6625000000000001 0.6282552083333333 0.023336226851851993 0.03300057870370354
0 0.3447554976851852 0.82421875 0.38396990740740744 0.31312210648148153
0 0.6252531828703705 0.8139973958333333 0.2392505787037038 0.26537181712962976
0 0.18509837962962963 0.22204861111111113 0.019256365740740744 0.029752604166666696
0 0.17727141203703706 0.2557291666666667 0.02018229166666663 0.045377604166666696
0 0.22543402777777777 0.19738136574074072 0.012246817129629606 0.026265914351851882
0 0.21032262731481483 0.20638744212962962 0.022938368055555602 0.04268663194444444
0 0.22760416666666666 0.2263599537037037 0.019777199074074048 0.038541666666666696
0 0.19203559027777778 0.2525824652777778 0.015870949074074048 0.03822337962962963
0 0.19202112268518517 0.2856264467592593 0.019777199074074048 0.038541666666666696
0 0.2041521990740741 0.2613136574074074 0.022533275462962965 0.03585069444444444
0 0.21398292824074075 0.24301938657407407 0.015697337962962965 0.03529369212962963
0 0.22690248842592592 0.25460069444444444 0.018851273148148162 0.022916666666666696
0 0.2367766203703704 0.2683738425925926 0.014945023148148162 0.022598379629629628
0 0.2167824074074074 0.2777777777777778 0.02253327546296291 0.03585069444444444
0 0.2250434027777778 0.30237268518518523 0.02517361111111116 0.031206597222222188
0 0.20574363425925926 0.30005787037037035 0.019719328703703687 0.037565104166666696