0 0.2626953125 0.8681640625 0.0810546875 0.103515625
0 0.7041015625 0.791015625 0.0703125 0.087890625
0 0.6083984375 0.7431640625 0.0517578125 0.068359375
0 0.341796875 0.640625 0.044921875 0.056640625
0 0.1005859375 0.583984375 0.048828125 0.0595703125
0 0.9462890625 0.5927734375 0.029296875 0.072265625
0 0.8818359375 0.587890625 0.037109375 0.056640625
0 0.845703125 0.498046875 0.0439453125 0.0654296875
0 0.7841796875 0.4736328125 0.0341796875 0.048828125
0 0.0556640625 0.8056640625 0.048828125 0.083984375
0 0.3076171875 0.5439453125 0.0341796875 0.0498046875
0 0.1015625 0.1220703125 0.03125 0.0439453125
0 0.2548828125 0.5498046875 0.03125 0.0390625
0 0.26171875 0.3876953125 0.03125 0.041015625
0 0.294921875 0.41015625 0.0341796875 0.0498046875
0 0.296875 0.369140625 0.037109375 0.0341796875
0 0.359375 0.390625 0.033203125 0.041015625
0 0.404296875 0.560546875 0.0419921875 0.0498046875
0 0.384765625 0.525390625 0.0439453125 0.0625
0 0.427734375 0.2783203125 0.03125 0.041015625
0 0.4931640625 0.162109375 0.025390625 0.0439453125
0 0.505859375 0.5029296875 0.0439453125 0.0625
0 0.57421875 0.3583984375 0.033203125 0.0361328125
0 0.5576171875 0.2626953125 0.0341796875 0.0341796875
0 0.599609375 0.279296875 0.03125 0.041015625
0 0.59375 0.3359375 0.03125 0.0361328125
0 0.62890625 0.37890625 0.041015625 0.056640625
0 0.693359375 0.4609375 0.0390625 0.0625
0 0.73046875 0.4296875 0.0341796875 0.044921875
0 0.7060546875 0.404296875 0.041015625 0.0439453125
0 0.6748046875 0.263671875 0.0341796875 0.0498046875
0 0.7177734375 0.3232421875 0.068359375 0.087890625
0 0.6982421875 0.369140625 0.03125 0.0234375
0 0.8837890625 0.4169921875 0.0498046875 0.0498046875
0 0.904296875 0.384765625 0.025390625 0.052734375
0 0.8671875 0.3662109375 0.03125 0.046875
0 0.8251953125 0.3935546875 0.041015625 0.0517578125
0 0.814453125 0.34375 0.0283203125 0.041015625
0 0.8388671875 0.33203125 0.0234375 0.0283203125
0 0.794921875 0.287109375 0.056640625 0.0595703125
0 0.884765625 0.31640625 0.046875 0.021484375
0 0.8798828125 0.2646484375 0.068359375 0.0830078125
0 0.9404296875 0.2333984375 0.046875 0.0703125
0 0.927734375 0.2822265625 0.0439453125 0.0341796875
0 0.912109375 0.2021484375 0.037109375 0.046875
0 0.900390625 0.125 0.046875 0.046875
0 0.7255859375 0.220703125 0.046875 0.044921875
0 0.7490234375 0.2763671875 0.0390625 0.0517578125
0 0.84375 0.2275390625 0.0419921875 0.0576171875
0 0.814453125 0.2236328125 0.029296875 0.046875
0 0.849609375 0.154296875 0.0498046875 0.0673828125
0 0.796875 0.1220703125 0.0419921875 0.0341796875
0 0.73046875 0.138671875 0.033203125 0.0498046875
0 0.6923828125 0.119140625 0.0361328125 0.037109375
0 0.818359375 0.1474609375 0.0185546875 0.0390625
0 0.8876953125 0.1650390625 0.0283203125 0.056640625