0 0.431640625 0.6884765625 0.037109375 0.0361328125
0 0.537109375 0.03125 0.0595703125 0.0498046875
0 0.484375 0.5439453125 0.046875 0.0439453125
0 0.505859375 0.447265625 0.046875 0.0419921875
0 0.501953125 0.4013671875 0.037109375 0.033203125
0 0.40234375 0.7578125 0.0341796875 0.03125
0 0.341796875 0.87109375 0.0439453125 0.0361328125
0 0.4404296875 0.6064453125 0.046875 0.037109375
0 0.548828125 0.318359375 0.046875 0.041015625
0 0.5771484375 0.1220703125 0.052734375 0.044921875
0 0.5634765625 0.212890625 0.046875 0.046875
0 0.353515625 0.8154296875 0.037109375 0.033203125