0 0.16434461805555556 0.6381293402777778 0.0898365162037037 0.12138310185185186
0 0.4945457175925926 0.10264756944444445 0.050578703703703765 0.06597222222222221
0 0.39026331018518523 0.3291015625 0.06425057870370376 0.06698495370370372
0 0.4675636574074074 0.27629484953703703 0.04321469907407405 0.04014756944444442
0 0.419798900462963 0.34751157407407407 0.02350983796296302 0.03577112268518523
0 0.4439308449074074 0.35749421296296297 0.02821903935185177 0.033203125
0 0.41289062499999996 0.7109375 0.10316116898148153 0.11653645833333326
0 0.4336082175925926 0.7957175925925926 0.04344618055555549 0.04405381944444442
0 0.4295572916666667 0.8597728587962963 0.0834924768518519 0.06354890046296302
0 0.44733796296296297 0.6632667824074074 0.07683015046296293 0.06597222222222232
0 0.44317129629629626 0.5929542824074074 0.1040364583333333 0.14771412037037024
0 0.4959635416666667 0.5900245949074074 0.045522280092592515 0.06268084490740744
0 0.575245949074074 0.20652488425925924 0.030750868055555713 0.04311342592592593
0 0.5990596064814815 0.27734375 0.03678385416666674 0.04647714120370372
0 0.5569589120370371 0.29517505787037035 0.027821180555555713 0.04289641203703698
0 0.49221643518518515 0.42748119212962965 0.03620515046296291 0.03671151620370372
0 0.5000434027777778 0.46025028935185186 0.032928240740740744 0.03063512731481488
0 0.5931857638888889 0.5092592592592593 0.03959780092592591 0.04474103009259256
0 0.5268663194444444 0.7142650462962963 0.12855179398148153 0.11841724537037024
0 0.546802662037037 0.8520688657407407 0.022475405092592382 0.03472222222222232
0 0.5855830439814815 0.8609664351851851 0.074117476851852 0.03660300925925908
0 0.6959346064814815 0.8527922453703703 0.027871817129629495 0.02734375
0 0.8496021412037037 0.8472945601851851 0.02764033564814805 0.0234375
0 0.917845775462963 0.8402777777777778 0.034881365740740744 0.0307798032407407
0 0.8058015046296296 0.7867838541666666 0.03632089120370363 0.03866464120370372
0 0.7640769675925926 0.7447554976851851 0.018504050925925997 0.01692708333333348
0 0.742115162037037 0.7051866319444444 0.028797743055555713 0.04296875
0 0.6516637731481482 0.6353804976851852 0.07872540509259252 0.06514033564814814
0 0.7361111111111112 0.37214265046296297 0.030172164351851993 0.03334780092592593
0 0.6449797453703704 0.588794849537037 0.04614438657407405 0.04036458333333348
0 0.904542824074074 0.7647569444444444 0.030570023148148273 0.02365451388888884
0 0.9755063657407408 0.6712239583333333 0.03896122685185199 0.03399884259259256
0 0.8052734374999999 0.62890625 0.018214699074074137 0.01204427083333326
0 0.829904513888889 0.59765625 0.03310185185185199 0.03356481481481488
0 0.7748625578703703 0.579173900462963 0.021433738425925775 0.01714409722222232
0 0.7743344907407408 0.5537109375 0.032754629629629495 0.02770543981481488
0 0.8905815972222222 0.4960575810185185 0.027242476851851993 0.03313078703703698
0 0.7812427662037037 0.4551142939814815 0.02471064814814805 0.02322048611111116
0 0.9452980324074074 0.4262876157407407 0.024942129629629717 0.02712673611111116
0 0.9174913194444444 0.4205005787037037 0.021896701388888884 0.02495659722222232
0 0.9160445601851852 0.3960865162037037 0.03310185185185199 0.03356481481481488
0 0.8299479166666667 0.035626446759259245 0.024363425925925997 0.017361111111111105
0 0.9365234375 0.06304253472222221 0.02724247685185177 0.033130787037037035
0 0.9046006944444445 0.10366030092592593 0.021780960648148273 0.02300347222222221
0 0.9876880787037037 0.14850983796296297 0.009490740740740744 0.02889901620370372
0 0.9774739583333334 0.1747685185185185 0.021549479166666607 0.01909722222222221
0 0.9772063078703703 0.3523220486111111 0.025289351851851993 0.03298611111111105
0 0.9907751012731482 0.3097873263888889 0.018449797453703676 0.0205078125
0 0.9912000868055555 0.28530092592592593 0.017599826388889017 0.02517361111111116
0 0.9756148726851852 0.25925925925925924 0.021607349537037024 0.02007378472222221
0 0.942578125 0.24797453703703703 0.027293113425925775 0.017578125
0 0.9420500578703703 0.22251157407407407 0.021780960648148273 0.02300347222222221
0 0.9074652777777779 0.21820746527777776 0.01914062499999991 0.027669270833333315
0 0.913259548611111 0.20012297453703703 0.021780960648148273 0.02300347222222221
0 0.8902633101851851 0.15964988425925924 0.027871817129629495 0.02734375
0 0.860402199074074 0.18540219907407407 0.027582465277777857 0.0224609375
0 0.8484664351851852 0.21571180555555552 0.021780960648148273 0.02300347222222221
0 0.8634910300925926 0.28718171296296297 0.022012442129629495 0.02690972222222221
0 0.8034360532407407 0.23376012731481483 0.02207031249999991 0.02788628472222221
0 0.7779369212962963 0.25036168981481477 0.023336226851851993 0.03284143518518512
0 0.7954137731481481 0.2804542824074074 0.027293113425925775 0.017578125
0 0.8120081018518519 0.3949652777777778 0.027871817129629495 0.02734375
0 0.818605324074074 0.37387876157407407 0.027358217592592604 0.03508391203703698
0 0.8006799768518519 0.36932146990740744 0.025115740740740744 0.03005642361111116
0 0.8335214120370371 0.3276548032407407 0.014597800925925775 0.0166377314814814
0 0.797265625 0.31170428240740744 0.016724537037037024 0.01971209490740744
0 0.807544849537037 0.30309606481481477 0.016550925925925775 0.01678240740740744
0 0.8253544560185185 0.3057002314814815 0.024537037037037024 0.02029079861111116
0 0.811574074074074 0.32143373842592593 0.022012442129629495 0.02690972222222221
0 0.6402343749999999 0.508716724537037 0.010691550925925775 0.01634837962962976