0 0.36056857638888884 0.8925347222222222 0.09288194444444442 0.11004774305555554
0 0.7956814236111112 0.8555121527777778 0.08040364583333348 0.09394531249999982
0 0.6941189236111112 0.7985243055555555 0.05978732638888884 0.07456597222222228
0 0.4148220486111111 0.6724175347222222 0.05132378472222221 0.05961371527777781
0 0.16590711805555555 0.5923611111111111 0.055555555555555525 0.06271701388888884
0 0.9992133246527778 0.6797526041666666 0.0015733506944444198 0.07454427083333348
0 0.9517144097222223 0.6680989583333333 0.04351128472222232 0.059266493055555536
0 0.9054904513888888 0.5756727430555556 0.05143229166666652 0.0693359375
0 0.8408203125 0.5446180555555555 0.03971354166666674 0.05132378472222232
0 0.1455078125 0.8110677083333333 0.058376736111111105 0.08810763888888884
0 0.3696831597222222 0.572265625 0.03993055555555558 0.05327690972222232
0 0.11566840277777778 0.1314670138888889 0.03624131944444445 0.046310763888888884
0 0.3172743055555556 0.5728515625 0.03580729166666674 0.042404513888888884
0 0.3062065972222222 0.41202256944444443 0.03591579861111116 0.043381076388888884
0 0.3420138888888889 0.4369357638888889 0.03993055555555558 0.05327690972222221
0 0.33951822916666663 0.39698350694444445 0.04112413194444442 0.037782118055555536
0 0.4047309027777778 0.4241753472222222 0.03786892361111116 0.0434678819444444
0 0.4686414930555556 0.5970703125000001 0.04774305555555558 0.053624131944444375
0 0.4450954861111111 0.5600694444444444 0.05110677083333337 0.06640625
0 0.4609375 0.3178385416666667 0.03591579861111116 0.043381076388888884
0 0.5137803819444444 0.2074652777777778 0.03038194444444442 0.04605034722222223
0 0.5643446180555556 0.5488498263888889 0.05110677083333348 0.06640625
0 0.6169704861111112 0.4102864583333333 0.03732638888888884 0.03858506944444451
0 0.5896267361111112 0.3128689236111111 0.03819444444444464 0.03765190972222221
0 0.6336805555555556 0.33328993055555556 0.03591579861111116 0.043381076388888884
0 0.6342230902777778 0.3906467013888889 0.03537326388888884 0.038498263888888884
0 0.6742621527777777 0.4361545138888889 0.04741753472222232 0.059440104166666674
0 0.7481553819444444 0.5239800347222222 0.04622395833333348 0.06618923611111116
0 0.7820095486111112 0.4963324652777778 0.03938802083333348 0.04839409722222221
0 0.7545572916666666 0.4679036458333333 0.04600694444444442 0.046744791666666674
0 0.7075737847222222 0.32491319444444444 0.03993055555555558 0.05327690972222221
0 0.7574869791666667 0.38932291666666663 0.07845052083333348 0.09385850694444442
0 0.7428385416666666 0.4324001736111111 0.03407118055555558 0.026779513888888884
0 0.9347873263888888 0.49826388888888895 0.05555555555555536 0.05397135416666665
0 0.9517144097222222 0.46694878472222223 0.03146701388888884 0.05581597222222223
0 0.9124348958333333 0.4457682291666667 0.03667534722222232 0.050217013888888884
0 0.8731553819444444 0.4683159722222222 0.046875 0.054557291666666674
0 0.8568793402777778 0.41803385416666666 0.03298611111111116 0.04325086805555556
0 0.8800998263888888 0.40837673611111114 0.02669270833333348 0.030338541666666607
0 0.8309461805555556 0.35954861111111114 0.06358506944444442 0.06501736111111112
0 0.9244791666666667 0.39674479166666665 0.04947916666666652 0.025520833333333326
0 0.9139539930555556 0.3457465277777778 0.07790798611111116 0.08897569444444442
0 0.9712456597222222 0.319140625 0.05490451388888884 0.07434895833333333
0 0.9638671875 0.3664279513888889 0.04796006944444442 0.0380859375
0 0.9392361111111112 0.28467881944444445 0.04253472222222232 0.050477430555555536
0 0.9189453125 0.2070095486111111 0.05230034722222232 0.050911458333333326
0 0.7537977430555556 0.2861545138888889 0.05208333333333348 0.048958333333333326
0 0.7836371527777778 0.3448133680555555 0.044921875 0.05447048611111116
0 0.8733723958333333 0.3041015625 0.04861111111111116 0.061436631944444375
0 0.8435329861111112 0.29791666666666666 0.03472222222222232 0.05013020833333337
0 0.8712022569444444 0.23209635416666669 0.05740017361111116 0.07057291666666665
0 0.8145616319444444 0.19459635416666665 0.04600694444444442 0.037999131944444486
0 0.7497829861111112 0.20629340277777777 0.03895399305555536 0.05323350694444445
0 0.7092013888888888 0.18213975694444445 0.04047309027777768 0.04066840277777778
0 0.8389756944444444 0.2219184027777778 0.02311197916666652 0.04184027777777777
0 0.9105902777777777 0.24550781249999998 0.03472222222222232 0.05887586805555556