0 0.5951099537037037 0.48233506944444443 0.036480034722222276 0.04901620370370374
0 0.220044849537037 0.3195457175925926 0.04238281249999998 0.05522280092592591
0 0.4091579861111111 0.416652199074074 0.03454137731481488 0.05085358796296302
0 0.3108940972222222 0.32883391203703705 0.03946759259259258 0.05700231481481488
0 0.7960358796296296 0.5928313078703704 0.034490740740740655 0.0440176504629628
0 0.8443142361111111 0.6532841435185185 0.033470775462963065 0.038100405092592604
0 0.522265625 0.399927662037037 0.03352864583333348 0.045912905092592604
0 0.7158058449074074 0.567578125 0.023668981481481444 0.032638888888888884
0 0.8788411458333334 0.7021846064814814 0.02662037037037024 0.03574218749999991
0 0.7481409143518518 0.5841362847222222 0.02950665509259265 0.03005642361111116
0 0.12999855324074072 0.2868778935185185 0.05024594907407409 0.0625217013888889
0 0.90546875 0.7389033564814814 0.02364728009259265 0.029709201388888884
0 0.6530309606481481 0.5267650462962963 0.02669270833333326 0.04550781249999991
0 0.6873408564814815 0.5463686342592593 0.02083333333333326 0.04516059027777786