0 0.5684244791666666 0.22408854166666667 0.06271701388888884 0.0515190972222222
0 0.8540364583333333 0.31280381944444446 0.07029079861111098 0.06842447916666661
0 0.4152560763888889 0.15490451388888887 0.10831163194444449 0.09058159722222225
0 0.1427517361111111 0.09796006944444445 0.11137152777777776 0.09364149305555555
0 0.9095052083333334 0.37667100694444444 0.04420572916666665 0.051671006944444375
0 0.242578125 0.4142795138888889 0.1725477430555556 0.13242187500000002
0 0.16085069444444444 0.8560546875 0.08587239583333334 0.06814236111111116
0 0.11148003472222223 0.20572916666666669 0.0390625 0.045594618055555536
0 0.217578125 0.553515625 0.032204861111111094 0.022873263888888884
0 0.20249565972222222 0.6308159722222222 0.07035590277777781 0.04796006944444442
0 0.16490885416666667 0.6622829861111111 0.019596354166666663 0.024262152777777768
0 0.15716145833333334 0.773046875 0.02656249999999999 0.027495659722222232
0 0.26786024305555556 0.8296223958333333 0.038715277777777724 0.037782118055555536
0 0.26432291666666663 0.6842447916666666 0.026432291666666607 0.024565972222222232
0 0.4330078125 0.861328125 0.042404513888888884 0.03307291666666656
0 0.3217881944444444 0.7491753472222222 0.027539062500000044 0.027539062500000044
0 0.42007378472222223 0.3948784722222222 0.04713541666666665 0.05180121527777781
0 0.4999782986111111 0.30681423611111114 0.053407118055555536 0.039409722222222276
0 0.5315104166666667 0.3364800347222222 0.06968315972222228 0.05475260416666661
0 0.5997178819444444 0.31417100694444444 0.0625 0.046636284722222254
0 0.8540798611111111 0.31378038194444446 0.06297743055555549 0.05737847222222214
0 0.9066189236111111 0.3775173611111111 0.044292534722222054 0.053624131944444375
0 0.9159939236111111 0.45687934027777777 0.030186631944444375 0.04325086805555556
0 0.6397135416666666 0.4026909722222222 0.038715277777777946 0.037782118055555536
0 0.6824869791666667 0.46599392361111114 0.0439453125 0.045811631944444375
0 0.5595052083333334 0.4400607638888889 0.042621527777777946 0.037955729166666674
0 0.3956380208333333 0.5906684027777778 0.03760850694444451 0.034809027777777724
0 0.6071180555555555 0.5903211805555555 0.02962239583333348 0.030555555555555447
0 0.41942274305555555 0.5995225694444444 0.024696180555555558 0.029361979166666607
0 0.37992621527777776 0.6757378472222222 0.06751302083333333 0.04978298611111098
0 0.38296440972222223 0.7440972222222222 0.021549479166666607 0.024348958333333393
0 0.5465060763888889 0.8273871527777779 0.03765190972222232 0.035785590277777946
0 0.46414930555555556 0.662912326388889 0.024826388888888884 0.03229166666666661
0 0.4415364583333333 0.6804253472222223 0.026345486111111094 0.022612847222222232
0 0.5251519097222221 0.7416449652777778 0.033072916666666785 0.042404513888888884
0 0.5198350694444445 0.6878038194444445 0.03255208333333348 0.030685763888888884
0 0.6482855902777778 0.8806423611111112 0.033072916666666785 0.042404513888888884
0 0.5548394097222222 0.7078776041666667 0.045811631944444375 0.0439453125
0 0.5733506944444444 0.6638671875 0.04524739583333348 0.03125
0 0.6285807291666667 0.6127170138888889 0.019335937500000178 0.018402777777777768
0 0.6034505208333334 0.6174479166666667 0.019335937500000178 0.018402777777777768
0 0.7477864583333333 0.6852647569444444 0.05996093750000009 0.05529513888888893
0 0.7097222222222221 0.7059895833333334 0.029991319444444553 0.01692708333333348
0 0.669140625 0.6700737847222222 0.026649305555555447 0.029448784722222232
0 0.643359375 0.66015625 0.022526041666666607 0.024392361111111205
0 0.8966145833333333 0.8322265625 0.038715277777777724 0.037782118055555536
0 0.6353949652777777 0.6344618055555555 0.04218749999999982 0.028190104166666785
0 0.6004123263888889 0.6368055555555556 0.029101562499999956 0.018836805555555447
0 0.7059895833333334 0.7535807291666666 0.03242187499999982 0.027756076388888884
0 0.6499348958333333 0.7423177083333333 0.058289930555555536 0.039626736111111116
0 0.9071614583333334 0.8940972222222222 0.045594618055555536 0.0390625
0 0.8521701388888889 0.9286892361111112 0.03530815972222223 0.02690972222222232
0 0.7909071180555556 0.8879557291666667 0.020030381944444287 0.03402777777777777
0 0.8268012152777777 0.8184027777777778 0.02348090277777759 0.04587673611111098
0 0.8170572916666667 0.8842447916666667 0.022526041666666607 0.024392361111110983
0 0.7868055555555555 0.8614583333333333 0.032421875000000044 0.027756076388888884
0 0.7666666666666666 0.8469184027777779 0.035785590277777946 0.03765190972222232
0 0.7140407986111111 0.8689453125 0.022656250000000044 0.027322048611110983
0 0.6710069444444444 0.8436414930555556 0.029361979166666607 0.024696180555555447
0 0.6830729166666667 0.8081163194444445 0.029231770833333393 0.021766493055555447
0 0.6921440972222223 0.7929253472222222 0.03695746527777777 0.020160590277777946
0 0.6288411458333334 0.7940104166666666 0.03509114583333339 0.02202690972222232
0 0.7810329861111112 0.7754340277777778 0.026562499999999822 0.027495659722222232
0 0.8117838541666667 0.7875217013888889 0.026779513888888884 0.03237847222222223