0 0.41889467592592594 0.565502025462963 0.08940248842592591 0.07884837962962976
0 0.2879846643518519 0.43073640046296297 0.0962239583333333 0.07740162037037035
0 0.6705367476851852 0.3623408564814815 0.050079571759259256 0.04079861111111116
0 0.48606047453703705 0.4678819444444444 0.06874276620370368 0.05682146990740744
0 0.6131727430555556 0.45580150462962965 0.04904513888888884 0.03291377314814814
0 0.44383680555555555 0.36411313657407407 0.05305989583333337 0.0478515625
0 0.45523003472222223 0.40892650462962965 0.053045428240740766 0.0458984375
0 0.49538483796296295 0.3962673611111111 0.05511429398148149 0.06166811342592593
0 0.5016203703703703 0.3459201388888889 0.042296006944444464 0.04412615740740744
0 0.4732421875 0.35163483796296297 0.031524884259259256 0.03942418981481477
0 0.5432581018518519 0.3968822337962963 0.03450520833333326 0.04647714120370372
0 0.5792534722222222 0.41811342592592593 0.039293981481481444 0.03414351851851849
0 0.5420138888888888 0.43294270833333337 0.050072337962963065 0.03982204861111116
0 0.5288700810185185 0.36064091435185186 0.050072337962963065 0.03982204861111116
0 0.5696759259259259 0.3919994212962963 0.039293981481481666 0.0341435185185186
0 0.5717954282407407 0.3696831597222222 0.03436776620370363 0.02792245370370372