0 0.34714988425925924 0.21067708333333335 0.029687499999999978 0.05403645833333337
0 0.20591001157407407 0.25321180555555556 0.02076099537037035 0.03509114583333328
0 0.7591652199074075 0.3480902777777778 0.05732060185185173 0.09431423611111112
0 0.832761863425926 0.3991970486111111 0.04466145833333335 0.0986328125
0 0.8855107060185186 0.40349392361111114 0.04165219907407414 0.08776041666666656
0 0.8608000578703703 0.8895399305555556 0.04454571759259274 0.0830078125
0 0.9353804976851852 0.9209418402777778 0.0971498842592593 0.15811631944444438
0 0.8314236111111111 0.745703125 0.04552228009259274 0.08305121527777781
0 0.9331018518518519 0.7658420138888888 0.039583333333333304 0.07204861111111116
0 0.9373842592592593 0.6850043402777778 0.06614583333333335 0.0995876736111112
0 0.10257523148148148 0.4048177083333333 0.01281105324074075 0.016189236111111116
0 0.11030092592592593 0.3934461805555556 0.015755208333333326 0.018272569444444442
0 0.12098524305555555 0.3861111111111111 0.012847222222222232 0.021072048611111116
0 0.13365162037037037 0.38276909722222224 0.012825520833333326 0.018142361111111116
0 0.1415798611111111 0.39874131944444446 0.012796585648148118 0.014236111111111116
0 0.15243778935185187 0.41484375 0.012811053240740722 0.016189236111111116
0 0.16202980324074073 0.5236328125 0.049059606481481444 0.03342013888888884
0 0.18075086805555557 0.5469184027777778 0.047337962962963 0.06458333333333321
0 0.13121383101851852 0.5808376736111112 0.04931278935185185 0.06759982638888884
0 0.17146267361111112 0.6109375 0.04940682870370372 0.08029513888888884
0 0.17492766203703702 0.6833333333333333 0.049392361111111116 0.07834201388888884
0 0.12586082175925928 0.6489366319444445 0.06108217592592591 0.07495659722222214
0 0.09348234953703705 0.6269965277777778 0.04741030092592591 0.07434895833333321
0 0.0882740162037037 0.7146267361111112 0.04948640046296296 0.09103732638888884
0 0.13023726851851852 0.7125868055555555 0.06512586805555554 0.09368489583333339
0 0.5078993055555556 0.2978732638888889 0.016008391203703898 0.05245225694444444
0 0.5274594907407407 0.3026475694444445 0.020840567129629672 0.04583333333333339
0 0.5470558449074074 0.31230468749999996 0.02662037037037024 0.035351562500000044
0 0.5666956018518519 0.32782118055555554 0.018829571759259256 0.03793402777777777
0 0.5823567708333333 0.3333984375 0.023705150462963065 0.03717447916666661
0 0.6087167245370371 0.33359375 0.02076099537037024 0.03509114583333339
0 0.49342447916666665 0.3206597222222222 0.018865740740740877 0.04281684027777777
0 0.4818793402777778 0.34357638888888886 0.018938078703703676 0.05258246527777777
0 0.47290943287037035 0.3187717013888889 0.02083333333333326 0.04485677083333339
0 0.4574652777777778 0.34249131944444444 0.02180989583333326 0.044900173611111094
0 0.44265769675925926 0.3203559027777778 0.021795428240740766 0.042947048611111205
0 0.4183738425925926 0.33684895833333334 0.021788194444444464 0.041970486111111094
0 0.395970775462963 0.34366319444444443 0.021831597222222276 0.047829861111111094
0 0.5160300925925926 0.34118923611111107 0.02083333333333326 0.04485677083333339
0 0.6186125578703704 0.3516059027777778 0.010937500000000044 0.02684461805555549
0 0.6323278356481481 0.3580729166666667 0.015856481481481666 0.03194444444444444
0 0.6518590856481481 0.3589409722222222 0.025701678240740655 0.04312065972222223
0 0.6725622106481481 0.38621961805555555 0.025737847222222276 0.04800347222222223
0 0.6872468171296295 0.39175347222222223 0.020775462962963065 0.03704427083333339
0 0.6855396412037037 0.4248697916666667 0.02376302083333326 0.04498697916666661
0 0.7050274884259259 0.41987847222222224 0.021788194444444464 0.041970486111111094
0 0.6462890625 0.39774305555555556 0.018887442129629672 0.04574652777777777
0 0.6266782407407407 0.3861328125 0.020811631944444464 0.04192708333333339
0 0.6041377314814815 0.37439236111111107 0.023748553240740655 0.04303385416666661
0 0.5807074652777777 0.37432725694444446 0.023748553240740655 0.04303385416666661
0 0.5600622106481481 0.35486111111111107 0.023726851851851638 0.04010416666666661
0 0.5394531250000001 0.3402777777777778 0.023748553240740655 0.04303385416666661
0 0.49869791666666663 0.3736111111111111 0.01793981481481488 0.049609374999999956
0 0.5024016203703704 0.34644097222222225 0.01786747685185186 0.039843749999999956
0 0.47340856481481486 0.3861545138888889 0.02380642361111107 0.05084635416666661
0 0.45488281249999996 0.3892361111111111 0.025737847222222276 0.04800347222222223
0 0.437160011574074 0.36892361111111116 0.017910879629629672 0.045703124999999956
0 0.4305338541666667 0.3969401041666667 0.020912905092592582 0.05559895833333339
0 0.4138382523148148 0.38350694444444444 0.021889467592592582 0.055642361111111094
0 0.38355758101851856 0.38118489583333337 0.029528356481481444 0.03255208333333326
0 0.3620949074074074 0.3831597222222222 0.021752025462962954 0.037087673611111094
0 0.3426793981481482 0.3979166666666667 0.023784722222222276 0.04791666666666661
0 0.3242115162037037 0.40881076388888893 0.020818865740740766 0.04290364583333339
0 0.3117259837962963 0.4365668402777778 0.02380642361111107 0.05084635416666661
0 0.2980541087962963 0.4359592013888889 0.023683449074074048 0.03424479166666661
0 0.3081452546296296 0.4803385416666667 0.021831597222222276 0.047829861111111205
0 0.2837890625 0.48706597222222225 0.025737847222222276 0.04800347222222223
0 0.26437355324074074 0.5018229166666667 0.02173755787037035 0.035134548611111205
0 0.25883246527777776 0.54453125 0.026634837962962954 0.037304687500000044
0 0.27923177083333334 0.5307942708333333 0.01892361111111107 0.05062934027777777
0 0.29865451388888886 0.5170138888888889 0.023668981481481444 0.03229166666666661
0 0.29693287037037036 0.5481770833333333 0.028624131944444464 0.04227430555555545
0 0.3173683449074074 0.5393229166666667 0.02079716435185186 0.03997395833333339
0 0.32882667824074074 0.5046875 0.021795428240740766 0.04294704861111098
0 0.345189525462963 0.4731987847222222 0.020840567129629672 0.04583333333333339
0 0.33349971064814815 0.4765842013888889 0.021817129629629672 0.045876736111111094
0 0.33514178240740744 0.4346788194444444 0.021715856481481444 0.032204861111111205
0 0.356568287037037 0.42782118055555557 0.021831597222222276 0.047829861111111094
0 0.3750289351851852 0.41595052083333334 0.02376302083333326 0.04498697916666672
0 0.3945963541666667 0.42170138888888886 0.021831597222222276 0.047829861111111205
0 0.41235532407407405 0.44689670138888893 0.02376302083333326 0.04498697916666661
0 0.43475115740740744 0.4391059027777778 0.01796875000000009 0.053515624999999956
0 0.4474754050925926 0.4435763888888889 0.016015624999999978 0.05342881944444444
0 0.4631148726851852 0.44622395833333334 0.017845775462962954 0.036914062499999956
0 0.46630497685185185 0.48151041666666666 0.025636574074074048 0.03433159722222223
0 0.4873697916666667 0.4258246527777778 0.020855034722222276 0.04778645833333339
0 0.4759259259259259 0.4624131944444444 0.017824074074074048 0.033984374999999956
0 0.502003761574074 0.42452256944444444 0.017889178240740655 0.042773437499999956
0 0.5183304398148147 0.3881510416666667 0.025636574074074048 0.03433159722222223
0 0.51953125 0.4184678819444444 0.020811631944444464 0.04192708333333339
0 0.5438006365740741 0.40002170138888893 0.02376302083333326 0.04498697916666661
0 0.5564236111111112 0.39082031250000004 0.023770254629629672 0.04596354166666661
0 0.5751953125 0.4209418402777778 0.020840567129629672 0.04583333333333339
0 0.5577112268518518 0.43285590277777775 0.01793981481481488 0.049609374999999956
0 0.536255787037037 0.43580729166666665 0.02083333333333326 0.04485677083333339
0 0.5129774305555556 0.45625 0.01877170138888884 0.030121527777777768
0 0.49255642361111107 0.46705729166666665 0.018887442129629672 0.04574652777777777
0 0.6006004050925926 0.4240234375 0.02180989583333326 0.044900173611111094
0 0.6192491319444444 0.4375434027777778 0.026678240740740655 0.043164062500000044
0 0.6388671875 0.45013020833333334 0.023770254629629672 0.04596354166666672
0 0.6536385995370371 0.4673828125 0.01892361111111107 0.05062934027777777
0 0.6651765046296296 0.4434895833333333 0.015936053240740655 0.04268663194444444
0 0.672265625 0.4779730902777778 0.023770254629629672 0.04596354166666661
0 0.6868634259259259 0.4717881944444444 0.02962239583333348 0.04524739583333326
0 0.7053096064814814 0.4579644097222222 0.02072482638888884 0.030208333333333393
0 0.7238425925925926 0.45585937499999996 0.023820891203703898 0.05279947916666661
0 0.7385561342592593 0.4652994791666667 0.023784722222222276 0.04791666666666661
0 0.7602358217592593 0.4926215277777778 0.020775462962963065 0.03704427083333339
0 0.7496383101851852 0.5116753472222222 0.020782696759259256 0.03802083333333339
0 0.7281322337962963 0.5077907986111111 0.018858506944444464 0.04184027777777777
0 0.7016999421296297 0.49782986111111116 0.02376302083333348 0.04498697916666661
0 0.7702039930555555 0.5203993055555556 0.025636574074074048 0.03433159722222223
0 0.757740162037037 0.5510850694444445 0.020797164351851638 0.03997395833333339
0 0.7782769097222222 0.5559027777777777 0.02665653935185186 0.040234375000000044
0 0.7832248263888888 0.5649088541666667 0.025658275462963065 0.03726128472222223
0 0.7971064814814814 0.5938368055555556 0.02372685185185186 0.04010416666666661
0 0.24637586805555556 0.5761935763888889 0.023748553240740766 0.04303385416666661
0 0.26980613425925926 0.5762586805555556 0.02086950231481477 0.04973958333333339
0 0.28942418981481477 0.5888454861111111 0.025737847222222276 0.04800347222222223
0 0.2818721064814815 0.6236545138888889 0.018865740740740766 0.04281684027777777
0 0.26320167824074076 0.6072048611111112 0.02177372685185186 0.04001736111111098
0 0.2447337962962963 0.6180989583333334 0.023654513888888895 0.030338541666666607
0 0.23324652777777777 0.648828125 0.020753761574074048 0.03411458333333339
0 0.22866030092592593 0.688650173611111 0.015892650462962954 0.03682725694444455
0 0.2298611111111111 0.7189670138888888 0.021694155092592593 0.029275173611110983
0 0.21438078703703706 0.7378038194444444 0.018865740740740766 0.04281684027777777
0 0.23305121527777778 0.7542534722222223 0.017889178240740766 0.04277343750000018
0 0.22056568287037037 0.7820095486111112 0.021730324074074048 0.03415798611111098
0 0.20907841435185184 0.8127387152777779 0.023712384259259256 0.03815104166666661
0 0.2525824652777778 0.7551215277777779 0.020753761574074048 0.03411458333333339
0 0.24441550925925926 0.7069227430555556 0.02079716435185186 0.03997395833333339
0 0.2451388888888889 0.6727864583333334 0.029571759259259256 0.03841145833333348
0 0.3666015625 0.4643880208333333 0.02564380787037046 0.03530815972222223
0 0.3851490162037037 0.46423611111111107 0.033550347222222276 0.04835069444444451
0 0.4067780671296296 0.4847222222222222 0.02365451388888884 0.03033854166666672
0 0.4243634259259259 0.48648003472222223 0.02079716435185186 0.03997395833333339
0 0.4449074074074074 0.49227430555555557 0.02170138888888884 0.030251736111111094
0 0.46629050925925924 0.47955729166666666 0.025636574074074048 0.03433159722222223
0 0.49581886574074074 0.512109375 0.02076099537037046 0.03509114583333339
0 0.5088107638888889 0.5527126736111111 0.01888020833333326 0.04476996527777777
0 0.47433449074074074 0.5111545138888889 0.02079716435185186 0.03997395833333339
0 0.4548755787037037 0.5200520833333333 0.015957754629629672 0.04561631944444455
0 0.4363353587962963 0.5211805555555555 0.020782696759259256 0.03802083333333339
0 0.41683304398148147 0.52421875 0.020811631944444464 0.04192708333333339
0 0.3974320023148148 0.5409288194444444 0.020855034722222276 0.04778645833333339
0 0.38444010416666663 0.5003255208333333 0.021795428240740655 0.04294704861111098
0 0.36995081018518516 0.5211588541666666 0.020818865740740655 0.04290364583333339
0 0.3485894097222222 0.5368055555555555 0.018800636574074048 0.03402777777777777
0 0.3543619791666667 0.5253472222222222 0.018829571759259256 0.03793402777777777
0 0.34186921296296297 0.5521267361111111 0.023741319444444464 0.04205729166666661
0 0.32251880787037035 0.5756727430555555 0.02079716435185186 0.03997395833333339
0 0.31395399305555555 0.6055555555555555 0.018858506944444464 0.04184027777777777
0 0.3063078703703704 0.6276692708333333 0.02372685185185186 0.04010416666666661
0 0.30355179398148147 0.6509765625 0.025665509259259256 0.03823784722222223
0 0.2882016782407407 0.6873914930555556 0.01786747685185186 0.039843749999999956
0 0.2649956597222223 0.7175998263888889 0.018901909722222276 0.04769965277777777
0 0.2884331597222223 0.7186414930555556 0.02560040509259265 0.029448784722222232
0 0.25470196759259256 0.6458767361111111 0.01874276620370363 0.026215277777777768
0 0.2685691550925926 0.6728515625 0.017809606481481444 0.032031249999999956
0 0.38202401620370374 0.56953125 0.02379918981481488 0.04986979166666661
0 0.36847511574074077 0.5855251736111111 0.015899884259259256 0.03780381944444455
0 0.27521701388888886 0.6477647569444445 0.023705150462963065 0.03717447916666661
0 0.35675636574074077 0.5850043402777778 0.023770254629629672 0.04596354166666661
0 0.342259837962963 0.6048611111111111 0.023820891203703676 0.05279947916666661
0 0.3357060185185185 0.6426432291666666 0.023741319444444464 0.04205729166666661
0 0.3280888310185185 0.6686631944444444 0.021788194444444464 0.041970486111111205
0 0.3155598958333333 0.6905598958333333 0.02169415509259265 0.029275173611111205
0 0.31476417824074077 0.7149305555555556 0.02169415509259265 0.029275173611110983
0 0.3399305555555555 0.6857855902777777 0.025737847222222276 0.04800347222222223
0 0.3392071759259259 0.719921875 0.02372685185185186 0.04010416666666661
0 0.5248697916666667 0.48020833333333335 0.020840567129629672 0.04583333333333339
0 0.5064163773148148 0.4930555555555556 0.015892650462963065 0.03682725694444433
0 0.5213107638888889 0.5269097222222223 0.028624131944444464 0.04227430555555545
0 0.525441261574074 0.5573567708333333 0.015856481481481666 0.03194444444444455
0 0.5476924189814815 0.5300347222222221 0.020855034722222276 0.04778645833333339
0 0.551171875 0.47259114583333334 0.02365451388888884 0.03033854166666672
0 0.5561631944444445 0.48745659722222223 0.020775462962963065 0.03704427083333339
0 0.5777054398148148 0.4962239583333333 0.018858506944444464 0.04184027777777777
0 0.5911096643518519 0.46069878472222225 0.01790364583333326 0.044726562499999956
0 0.5715711805555556 0.4588541666666667 0.018786168981481444 0.03207465277777777
0 0.6077907986111111 0.47217881944444445 0.021730324074074048 0.034157986111111094
0 0.6012297453703703 0.508984375 0.017889178240740655 0.042773437499999956
0 0.5936921296296296 0.5457465277777778 0.018822337962963065 0.03695746527777777
0 0.5730541087962963 0.5272569444444444 0.020811631944444464 0.04192708333333339
0 0.5510054976851853 0.5819227430555556 0.018822337962963065 0.03695746527777777
0 0.5723668981481481 0.5662760416666667 0.020753761574074048 0.03411458333333339
0 0.5852502893518519 0.5922309027777778 0.018829571759259256 0.03793402777777777
0 0.6027271412037036 0.5793402777777779 0.02069589120370363 0.026302083333333393
0 0.6266203703703703 0.5101128472222223 0.020855034722222054 0.04778645833333339
0 0.6441623263888889 0.5060112847222222 0.018901909722222054 0.04769965277777777
0 0.6579716435185186 0.5251736111111112 0.025665509259259256 0.03823784722222223
0 0.6775318287037038 0.5299479166666667 0.02853732638888884 0.030555555555555447
0 0.7107204861111112 0.5294704861111111 0.025694444444444464 0.04214409722222223
0 0.6934027777777778 0.5638454861111111 0.020818865740740655 0.04290364583333339
0 0.7120732060185185 0.5802951388888888 0.021788194444444464 0.04197048611111098
0 0.7284577546296296 0.5517361111111111 0.02955005787037024 0.03548177083333326
0 0.7364872685185185 0.5813802083333333 0.020840567129629672 0.04583333333333339
0 0.757740162037037 0.5510850694444445 0.023726851851851638 0.04010416666666661
0 0.7747178819444445 0.6026041666666666 0.020775462962963065 0.03704427083333339
0 0.7560836226851853 0.5910373263888888 0.01783130787037024 0.03496093750000018
0 0.8119936342592593 0.6267144097222221 0.01587818287037024 0.03487413194444455
0 0.8152054398148147 0.6649305555555556 0.020753761574074048 0.03411458333333339
0 0.7958333333333334 0.685546875 0.011009837962963065 0.03661024305555549
0 0.8194010416666666 0.7041666666666666 0.020753761574074048 0.03411458333333339
0 0.8001302083333333 0.738454861111111 0.020818865740740655 0.04290364583333339
0 0.7974464699074074 0.6397352430555556 0.017889178240740655 0.04277343750000018
0 0.7790075231481481 0.6545355902777779 0.023784722222222276 0.04791666666666661
0 0.7725405092592592 0.7040364583333334 0.020811631944444464 0.04192708333333339
0 0.7582899305555556 0.6253038194444445 0.02079716435185186 0.03997395833333339
0 0.4862991898148148 0.5448784722222222 0.018901909722222276 0.04769965277777777
0 0.45914351851851853 0.5690538194444444 0.017824074074074048 0.033984374999999956
0 0.46987123842592593 0.567578125 0.018829571759259256 0.03793402777777777
0 0.4427879050925926 0.6015190972222222 0.01876446759259265 0.029144965277777768
0 0.4395543981481481 0.560373263888889 0.028631365740740655 0.04325086805555545
0 0.4102864583333333 0.5629774305555555 0.017997685185185186 0.05742187500000018
0 0.42419704861111107 0.5958116319444444 0.01888020833333326 0.04476996527777777
0 0.3911530671296296 0.6158203125 0.02376302083333326 0.04498697916666661
0 0.40967158564814815 0.6117621527777778 0.03161892361111107 0.051193576388888884
0 0.39816984953703705 0.6405381944444444 0.017881944444444464 0.04179687500000018
0 0.383666087962963 0.6594184027777779 0.020811631944444464 0.04192708333333339
0 0.3638744212962963 0.6233940972222223 0.02173755787037046 0.03513454861111098
0 0.35629340277777777 0.654296875 0.01598668981481488 0.04952256944444455
0 0.3739655671296296 0.6677734375 0.021817129629629672 0.04587673611111098
0 0.36940104166666665 0.7105251736111111 0.02864583333333326 0.04520399305555545
0 0.3746238425925926 0.756640625 0.01790364583333326 0.04472656250000018
0 0.3588975694444444 0.7422743055555556 0.009960937500000044 0.02680121527777768
0 0.6151548032407408 0.543771701388889 0.021759259259259256 0.03806423611111098
0 0.6464626736111112 0.5529730902777777 0.02564380787037024 0.03530815972222223
0 0.6192491319444444 0.5693359375 0.01778790509259265 0.029101562499999956
0 0.6010054976851852 0.6105034722222222 0.015856481481481444 0.03194444444444455
0 0.6175925925925926 0.6092881944444444 0.020855034722222276 0.04778645833333339
0 0.6314525462962963 0.6352864583333333 0.020840567129629672 0.04583333333333339
0 0.6404152199074074 0.6591145833333334 0.021788194444444464 0.04197048611111098
0 0.6350188078703703 0.5895616319444444 0.018829571759259256 0.03793402777777777
0 0.6641927083333333 0.5742621527777778 0.02665653935185186 0.04023437499999982
0 0.6527488425925926 0.6108506944444445 0.02169415509259265 0.029275173611110983
0 0.6636935763888889 0.638671875 0.01779513888888884 0.030078124999999956
0 0.6592737268518518 0.7009548611111112 0.021795428240740655 0.04294704861111098
0 0.6753110532407407 0.6255208333333333 0.02364728009259265 0.029361979166666607
0 0.6779730902777777 0.5895182291666667 0.015856481481481444 0.03194444444444455
0 0.6966218171296297 0.6030381944444444 0.01884403935185186 0.03988715277777777
0 0.7202112268518519 0.6245876736111111 0.018844039351851638 0.03988715277777777
0 0.7018012152777777 0.6432942708333333 0.018887442129629672 0.04574652777777777
0 0.6794849537037038 0.6618272569444444 0.02087673611111107 0.05071614583333339
0 0.6741898148148148 0.7377387152777777 0.02177372685185186 0.04001736111111098
0 0.6870225694444445 0.7568576388888889 0.020818865740740655 0.04290364583333339
0 0.6982711226851852 0.6939019097222222 0.025636574074074048 0.03433159722222223
0 0.7156756365740741 0.6712456597222223 0.020891203703703676 0.05266927083333339
0 0.737941261574074 0.6458767361111111 0.028595196759259256 0.03836805555555545
0 0.7557002314814816 0.671072048611111 0.020775462962963065 0.03704427083333339
0 0.7501374421296296 0.7108506944444444 0.020811631944444464 0.04192708333333339
0 0.7343243634259259 0.684765625 0.023683449074074048 0.03424479166666661
0 0.7306929976851851 0.7217013888888888 0.021759259259259256 0.03806423611111098
0 0.7101417824074074 0.7149305555555556 0.020775462962963065 0.03704427083333339
0 0.7104166666666667 0.7520399305555555 0.02564380787037024 0.03530815972222223
0 0.694140625 0.7952473958333333 0.021715856481481666 0.03220486111111098
0 0.7185980902777778 0.8021918402777778 0.025737847222222276 0.04800347222222223
0 0.7358940972222222 0.7648871527777779 0.020818865740740655 0.04290364583333339
0 0.7439091435185186 0.7925781249999999 0.021867766203703676 0.05271267361111098
0 0.7501519097222222 0.7128038194444444 0.015957754629629672 0.04561631944444455
0 0.7611328125000001 0.7455078125000001 0.023705150462963065 0.03717447916666661
0 0.7630135995370371 0.8676215277777777 0.01595052083333348 0.04463975694444455
0 0.7393952546296296 0.8421657986111111 0.02379918981481488 0.04986979166666661
0 0.7682146990740741 0.7790147569444444 0.023741319444444464 0.04205729166666661
0 0.7787181712962963 0.747265625 0.02083333333333326 0.04485677083333339
0 0.7926432291666667 0.782052951388889 0.020855034722222054 0.04778645833333339
0 0.8082609953703703 0.7817708333333333 0.023741319444444464 0.04205729166666661
0 0.8320601851851852 0.831640625 0.025636574074074048 0.03433159722222223
0 0.8115668402777778 0.8326822916666667 0.01794704861111107 0.05058593750000018
0 0.7616391782407408 0.8138671875 0.01880787037037024 0.03500434027777777
0 0.7850622106481482 0.8129557291666667 0.02655526620370363 0.026562500000000044
0 0.7725477430555556 0.8368055555555556 0.02362557870370363 0.026432291666666607
0 0.794017650462963 0.8358072916666667 0.023770254629629672 0.04596354166666661
0 0.7844545717592593 0.8627170138888889 0.029629629629629672 0.04622395833333326
0 0.8021267361111111 0.8761935763888888 0.018800636574074048 0.03402777777777777
0 0.8327835648148147 0.7975043402777777 0.021715856481481666 0.03220486111111098
0 0.6877531828703703 0.7236979166666666 0.020739293981481444 0.03216145833333339
0 0.37551359953703706 0.8645616319444445 0.3614438657407407 0.27087673611111107
0 0.6568865740740741 0.8894856770833333 0.21860532407407396 0.22102864583333348
0 0.1941623263888889 0.2487847222222222 0.015834780092592593 0.029014756944444442
0 0.18757233796296297 0.2816840277777778 0.017903645833333315 0.044726562499999956
0 0.23404947916666669 0.23005642361111112 0.010930266203703742 0.025868055555555547
0 0.21848234953703705 0.23717447916666667 0.018858506944444464 0.04184027777777777
0 0.23719618055555555 0.25948350694444444 0.01591435185185186 0.03975694444444444
0 0.20220630787037036 0.2803819444444444 0.013946759259259256 0.03771701388888893
0 0.20342881944444444 0.31362847222222223 0.017853009259259256 0.037890624999999956
0 0.21497395833333333 0.29071180555555554 0.01880787037037035 0.03500434027777777
0 0.2236328125 0.27352430555555557 0.012962962962962954 0.036697048611111116
0 0.23740596064814815 0.28780381944444444 0.017737268518518534 0.022265624999999956
0 0.2472800925925926 0.30288628472222223 0.013845486111111138 0.02404513888888893
0 0.22779947916666665 0.30885416666666665 0.018800636574074048 0.03402777777777777
0 0.23677662037037037 0.3346354166666667 0.021701388888888895 0.030251736111111094
0 0.2172236689814815 0.3308376736111111 0.015892650462962954 0.03682725694444444