0 0.3259620949074074 0.12519531250000002 0.015776909722222232 0.021549479166666663
0 0.35963541666666665 0.19088541666666667 0.01583478009259265 0.029361979166666663
0 0.4601707175925926 0.19075520833333334 0.017809606481481444 0.03242187499999999
0 0.3583550347222222 0.28157552083333337 0.013881655092592649 0.029231770833333393
0 0.4335865162037037 0.2914713541666667 0.017693865740740722 0.016796875000000044
0 0.36247829861111114 0.3111328125 0.013831018518518423 0.022395833333333393
0 0.3773943865740741 0.3482421875 0.015798611111111027 0.024479166666666607
0 0.44850260416666665 0.32858072916666664 0.012890625000000044 0.027213541666666674
0 0.42192563657407406 0.4302734375 0.013809317129629628 0.019466145833333393
0 0.47369791666666666 0.4356770833333333 0.010879629629629628 0.019270833333333348
0 0.4523365162037037 0.45084635416666663 0.015755208333333326 0.018619791666666607
0 0.4281394675925926 0.478515625 0.012854456018518534 0.022330729166666674
0 0.4739872685185185 0.4747395833333333 0.010879629629629628 0.019270833333333348
0 0.5577980324074074 0.4569010416666667 0.012847222222222232 0.021354166666666674
0 0.5090856481481482 0.4692708333333333 0.009953703703703631 0.02604166666666674
0 0.4954716435185185 0.476171875 0.015740740740740722 0.016666666666666607
0 0.4809968171296296 0.4986328125 0.010901331018518423 0.022200520833333348
0 0.5406177662037037 0.5094401041666667 0.012832754629629628 0.019401041666666785
0 0.5407335069444444 0.5250651041666667 0.012847222222222232 0.021354166666666785
0 0.5145471643518518 0.5477213541666667 0.015740740740740833 0.016666666666666607
0 0.5099464699074074 0.5854817708333333 0.015776909722222232 0.021549479166666607
0 0.4611183449074074 0.5822265625 0.010872395833333326 0.018294270833333348
0 0.47289496527777775 0.5908203125 0.010915798611111027 0.024153645833333348
0 0.46922019675925924 0.6218098958333333 0.012811053240740722 0.016471354166666785
0 0.4976056134259259 0.6324869791666666 0.010901331018518645 0.022200520833333348
0 0.5287688078703703 0.6228515625 0.012796585648148007 0.014518229166666785
0 0.516478587962963 0.6766927083333334 0.007964409722222232 0.021028645833333304
0 0.5239221643518519 0.7591796875 0.010836226851851816 0.013411458333333348
0 0.48148871527777776 0.6968098958333333 0.012832754629629628 0.019401041666666785
0 0.5094184027777777 0.777734375 0.009903067129629628 0.01920572916666674
0 0.512521701388889 0.8013671874999999 0.009866898148148007 0.014322916666666519