0 0.7404875578703705 0.4014756944444444 0.09313512731481488 0.06922743055555558
0 0.8542751736111112 0.4067563657407407 0.10760271990740744 0.09172453703703698
0 0.8381438078703705 0.3413628472222222 0.07671440972222232 0.04658564814814814
0 0.9382233796296295 0.32024016203703703 0.10619212962962976 0.07993344907407407
0 0.9874312789351851 0.2690972222222222 0.02513744212962976 0.03985821759259256
0 0.9305193865740741 0.4823857060185185 0.11751302083333326 0.09635416666666674
0 0.8063151041666667 0.4866898148148148 0.1250723379629628 0.09009693287037035
0 0.6823640046296297 0.47139033564814814 0.11530671296296302 0.0893735532407407
0 0.770435474537037 0.5490813078703705 0.10228587962962976 0.07964409722222232
0 0.6686559606481481 0.5507450810185186 0.08326099537037024 0.06557436342592604
0 0.6746238425925926 0.6061197916666666 0.08720341435185186 0.0405454282407407