0 0.740234375 0.1455078125 0.103515625 0.072265625
0 0.6552734375 0.2080078125 0.0703125 0.0439453125
0 0.7421875 0.232421875 0.046875 0.044921875
0 0.814453125 0.2099609375 0.064453125 0.0673828125
0 0.654296875 0.287109375 0.072265625 0.064453125
0 0.78125 0.279296875 0.0830078125 0.046875
0 0.7373046875 0.3349609375 0.072265625 0.048828125
0 0.64453125 0.3642578125 0.091796875 0.0625
0 0.720703125 0.4033203125 0.0732421875 0.041015625
0 0.5439453125 0.400390625 0.078125 0.0625
0 0.638671875 0.4365234375 0.078125 0.0703125
0 0.4658203125 0.4365234375 0.0751953125 0.044921875
0 0.5546875 0.4775390625 0.0751953125 0.0576171875
0 0.6162109375 0.51171875 0.060546875 0.0390625
0 0.45703125 0.501953125 0.0986328125 0.0732421875
0 0.546875 0.5498046875 0.0810546875 0.056640625
0 0.451171875 0.583984375 0.0751953125 0.072265625
0 0.521484375 0.623046875 0.076171875 0.048828125
0 0.3505859375 0.6064453125 0.0703125 0.0625
0 0.447265625 0.662109375 0.078125 0.0654296875
0 0.349609375 0.6923828125 0.087890625 0.083984375
0 0.306640625 0.76953125 0.111328125 0.0419921875
0 0.376953125 0.5400390625 0.068359375 0.060546875
0 0.9169921875 0.0732421875 0.119140625 0.083984375
0 0.7900390625 0.072265625 0.107421875 0.0751953125