0 0.7564019097222222 0.16744068287037037 0.11154513888888884 0.07533275462962963
0 0.6783854166666666 0.22742332175925928 0.0751953125 0.046028645833333326
0 0.7680121527777778 0.25441261574074076 0.05186631944444442 0.046310763888888884
0 0.8377821180555556 0.23409288194444444 0.07194010416666652 0.06929253472222219
0 0.6861979166666667 0.30649594907407407 0.07942708333333348 0.06659432870370374
0 0.8122829861111112 0.30244502314814814 0.08821614583333348 0.0493344907407407
0 0.7745225694444444 0.35680700231481477 0.07769097222222232 0.05096932870370363
0 0.6850043402777778 0.3833550347222222 0.09874131944444442 0.06521990740740735
0 0.7655164930555556 0.4246744791666667 0.07779947916666652 0.04318576388888884
0 0.5884331597222222 0.41650752314814815 0.08506944444444442 0.06481481481481477
0 0.6871744791666666 0.45544704861111107 0.0859375 0.07262731481481488
0 0.5143229166666666 0.4503255208333333 0.08018663194444442 0.047149884259259256
0 0.6077473958333333 0.49397424768518516 0.08159722222222232 0.059845196759259256
0 0.6730685763888888 0.529976851851852 0.06488715277777768 0.04085648148148158
0 0.5128038194444444 0.5154947916666667 0.10677083333333348 0.07616464120370359
0 0.6079644097222223 0.5660083912037037 0.08734809027777768 0.059042245370370505
0 0.5160590277777778 0.5973524305555555 0.08322482638888884 0.07449363425925926
0 0.5907118055555556 0.6384982638888889 0.08159722222222232 0.051085069444444464
0 0.41796875 0.6168330439814815 0.07725694444444442 0.06458333333333321
0 0.5208333333333333 0.6753616898148148 0.08539496527777768 0.06774450231481488
0 0.4265407986111111 0.7027416087962963 0.09722222222222221 0.08658854166666652
0 0.3921440972222222 0.7786168981481482 0.11599392361111116 0.04529079861111107
0 0.4369574652777778 0.5512080439814815 0.07508680555555558 0.06257233796296302
0 0.9251302083333333 0.10041232638888889 0.12847222222222232 0.08751446759259257
0 0.7980685763888888 0.09567418981481482 0.11577690972222232 0.07837818287037035