0 0.8490668402777777 0.55546875 0.02007378472222232 0.041290509259259256
0 0.7978153935185186 0.5952690972222222 0.01403356481481488 0.03632089120370363
0 0.7590060763888888 0.536306423611111 0.01403356481481488 0.03632089120370363
0 0.7764033564814814 0.48822337962962964 0.010814525462962798 0.02846498842592593
0 0.6857277199074074 0.5120153356481482 0.01092303240740744 0.03139467592592582
0 0.598560474537037 0.6255497685185185 0.0283926504629628 0.05507812500000009
0 0.5199652777777777 0.6657552083333333 0.02231626157407396 0.049131944444444464
0 0.6054325810185185 0.5981192129629629 0.01153790509259256 0.021643518518518423
0 0.5930266203703703 0.5114366319444446 0.01041666666666674 0.01772280092592604
0 0.5678530092592593 0.5323061342592592 0.01403356481481488 0.03632089120370363
0 0.5542534722222222 0.5305555555555556 0.01045283564814814 0.01869936342592582
0 0.5339988425925926 0.6030815972222223 0.010814525462962798 0.02846498842592604
0 0.503978587962963 0.6493995949074074 0.010416666666666519 0.01772280092592604
0 0.5124421296296297 0.5790002893518518 0.02850115740740744 0.05800781250000009
0 0.5057508680555556 0.5488425925925926 0.01671006944444442 0.029528356481481444
0 0.4424189814814815 0.5722294560185185 0.01696325231481488 0.036364293981481444
0 0.44733796296296297 0.5184751157407408 0.01696325231481477 0.036364293981481666
0 0.3736255787037037 0.6640190972222222 0.01924189814814814 0.04518229166666665
0 0.41684751157407407 0.5774884259259259 0.01363570601851849 0.02557870370370363
0 0.4303023726851852 0.5567925347222222 0.01189959490740744 0.03140914351851842
0 0.40747974537037035 0.5141854745370371 0.01081452546296302 0.02846498842592604
0 0.35868778935185186 0.540285011574074 0.01363570601851849 0.02557870370370363
0 0.3019748263888889 0.5430772569444444 0.01982060185185186 0.034454571759259256
0 0.31047453703703703 0.5244068287037037 0.01385271990740744 0.03143807870370363
0 0.3140914351851852 0.505808738425926 0.01392505787037035 0.03339120370370363
0 0.24341724537037038 0.5166160300925926 0.013454861111111105 0.02069589120370363
0 0.21473524305555555 0.5268012152777778 0.02206307870370372 0.042296006944444464
0 0.2007378472222222 0.5357928240740741 0.01696325231481477 0.036364293981481666
0 0.17957899305555555 0.6327329282407408 0.023401331018518545 0.052076099537036846
0 0.1763237847222222 0.5625072337962963 0.01392505787037035 0.03339120370370363
0 0.16612413194444442 0.5216652199074074 0.01392505787037035 0.03339120370370363
0 0.1372612847222222 0.5630859375 0.01689091435185186 0.034411168981481444