0 0.0027777777777777783 0.32394386574074074 0.005555555555555557 0.0805555555555556
0 0.12171585648148148 0.6235387731481481 0.04359809027777778 0.07123119212962958
0 0.2447337962962963 0.2898003472222222 0.03339843749999999 0.0556712962962963
0 0.2885199652777778 0.3471354166666667 0.038208912037037024 0.07550636574074066
0 0.29735966435185185 0.3858579282407407 0.02086950231481477 0.036002604166666674
0 0.3613715277777778 0.18295717592592592 0.03978587962962954 0.071802662037037
0 0.3554253472222222 0.3953052662037037 0.04290364583333339 0.07405960648148147
0 0.4668909143518518 0.6032118055555555 0.044068287037037024 0.07611400462962958
0 0.452734375 0.5795428240740741 0.032573784722222276 0.06718749999999996
0 0.4449580439814815 0.45949797453703706 0.020305266203703654 0.030143229166666674
0 0.4906611689814815 0.3764467592592593 0.027010995370370328 0.03953993055555549
0 0.5602430555555555 0.22614293981481481 0.031163194444444375 0.052539062499999956
0 0.6130714699074074 0.21969762731481482 0.03997395833333339 0.07375578703703706
0 0.5864583333333333 0.36554542824074077 0.017245370370370328 0.03852719907407409
0 0.6016276041666666 0.529296875 0.03381076388888893 0.04991319444444442
0 0.6706090856481481 0.3751880787037037 0.024081307870370328 0.03923611111111114
0 0.6814525462962963 0.4533420138888889 0.024457465277777812 0.04314236111111114
0 0.5903501157407407 0.4656901041666667 0.018655960648148007 0.05317563657407409
0 0.7180483217592593 0.3644675925925926 0.017151331018518512 0.03755063657407409
0 0.7909577546296296 0.32016782407407407 0.02011718749999991 0.028190104166666674
0 0.8650318287037038 0.2738136574074074 0.03531539351851842 0.06553819444444442
0 0.9415509259259259 0.20206886574074073 0.05240885416666674 0.09244791666666663
0 0.9497612847222223 0.3075665509259259 0.027502893518518423 0.06472800925925926
0 0.8638382523148148 0.34644820601851856 0.03088107638888893 0.049609374999999956
0 0.8881221064814815 0.465747974537037 0.04759837962962954 0.07261284722222228
0 0.9471571180555556 0.394849537037037 0.014561631944444375 0.05081741898148151