0 0.8455946180555556 0.41923466435185186 0.0166739004629628 0.02889901620370372
0 0.7496021412037037 0.4042607060185185 0.01472077546296302 0.0288266782407407
0 0.7875072337962963 0.4603949652777778 0.014901620370370239 0.0337094907407407
0 0.7504340277777778 0.35546875 0.01179108796296302 0.02871817129629628
0 0.6810619212962963 0.3853443287037037 0.01349103009259256 0.0219545717592593
0 0.6359592013888888 0.49721498842592593 0.02224392361111116 0.04763454861111116
0 0.5931351273148148 0.49490017361111116 0.01504629629629628 0.0376157407407407
0 0.5801142939814814 0.3725043402777778 0.0166739004629628 0.02889901620370372
0 0.5317563657407407 0.5459346064814814 0.01938657407407396 0.04947916666666652
0 0.5216290509259259 0.4507378472222222 0.02564380787037046 0.06043836805555558
0 0.47106481481481477 0.5257523148148149 0.01092303240740744 0.03161168981481488
0 0.5192057291666666 0.4898365162037037 0.01338252314814814 0.0190248842592593
0 0.49992766203703703 0.4310619212962963 0.01656539351851849 0.02596932870370372
0 0.5409071180555556 0.3515263310185185 0.0146122685185186 0.0258969907407407
0 0.4628544560185185 0.40512876157407407 0.01472077546296302 0.0288266782407407
0 0.4076605902777778 0.5524811921296297 0.01714409722222221 0.04159432870370372
0 0.44068287037037035 0.45081018518518523 0.01374421296296302 0.0287905092592593
0 0.42364728009259256 0.43681278935185186 0.01385271990740744 0.0317201967592593
0 0.3936631944444444 0.4301215277777778 0.0136357060185186 0.0258608217592593
0 0.41735387731481477 0.3960865162037037 0.01678240740740744 0.03182870370370372
0 0.34096498842592593 0.4310980902777778 0.01161024305555558 0.02383535879629628
0 0.31611689814814814 0.4173900462962963 0.01725260416666663 0.04452401620370372
0 0.3070746527777778 0.3982204861111111 0.01056134259259256 0.02184606481481477
0 0.2834201388888889 0.40494791666666663 0.01363570601851849 0.0258608217592593
0 0.2322048611111111 0.4185474537037037 0.020001446759259245 0.03974971064814814
0 0.2103949652777778 0.4281322337962963 0.01689091435185186 0.03475839120370372
0 0.18312355324074076 0.5325159143518519 0.01949508101851849 0.05240885416666674
0 0.16348379629629628 0.45717592592592593 0.0200014467592593 0.03974971064814814
0 0.13545283564814814 0.47674334490740744 0.01349103009259256 0.0219545717592593
0 0.15870949074074076 0.4017650462962963 0.01385271990740744 0.0317201967592593
0 0.012478298611111108 0.6110026041666667 0.018844039351851853 0.03483072916666652
0 0.048755787037037035 0.44777199074074076 0.020073784722222224 0.04170283564814814