0 0.008572048611111112 0.6071614583333333 0.017144097222222224 0.12808159722222223
0 0.0988208912037037 0.6716362847222223 0.036516203703703703 0.05746527777777777
0 0.32881221064814814 0.4822916666666667 0.05120804398148149 0.09943576388888897
0 0.49421296296296297 0.7284505208333334 0.04611545138888895 0.07671440972222232
0 0.4447410300925926 0.7614800347222223 0.022128182870370328 0.038758680555555536
0 0.607667824074074 0.7060329861111111 0.06006944444444429 0.08085937499999996
0 0.5797887731481481 0.7705295138888889 0.06712962962962976 0.07374131944444451
0 0.7068214699074074 0.7503038194444445 0.028421585648148007 0.053841145833333215
0 0.7489655671296296 0.7422309027777778 0.05458622685185199 0.08424479166666665
0 0.7888527199074074 0.7575954861111112 0.050434027777777946 0.0712890625
0 0.8423032407407407 0.4786892361111111 0.05291521990740744 0.08700086805555551
0 0.8273654513888888 0.6644965277777777 0.04611545138888884 0.07671440972222232