0 0.022623697916666664 0.6050347222222223 0.04524739583333333 0.12514467592592604
0 0.13289930555555557 0.6632306134259259 0.03368055555555555 0.05584490740740744
0 0.3521050347222222 0.4629991319444444 0.046245659722222276 0.09725839120370372
0 0.5294053819444444 0.6994357638888888 0.04231770833333348 0.07468894675925908
0 0.4818576388888889 0.7348451967592593 0.020203993055555536 0.03779658564814814
0 0.6411892361111111 0.6712962962962963 0.056119791666666696 0.078125
0 0.6167534722222222 0.7369068287037037 0.06358506944444442 0.07060185185185186
0 0.7421657986111111 0.7102502893518519 0.025737847222222276 0.05262586805555558
0 0.7837022569444445 0.7000506365740741 0.050434027777777946 0.08181423611111116
0 0.8241970486111111 0.7132884837962963 0.04694010416666661 0.06901041666666652
0 0.8630642361111112 0.4330150462962963 0.04861111111111116 0.08467158564814814
0 0.8577473958333333 0.6186704282407407 0.04231770833333348 0.07468894675925908