0 0.8195963541666667 0.58125 0.022200520833333348 0.041290509259259256
0 0.7663194444444444 0.6195746527777778 0.01590711805555567 0.03632089120370363
0 0.7305989583333334 0.559396701388889 0.015907118055555447 0.03632089120370363
0 0.7504774305555556 0.5117766203703704 0.012282986111111116 0.02846498842592604
0 0.6586371527777778 0.532906539351852 0.012543402777777768 0.03139467592592604
0 0.5656467013888888 0.6439814814814815 0.031228298611110983 0.05507812500000009
0 0.4850260416666667 0.6819010416666667 0.02484809027777779 0.049131944444444464
0 0.5739366319444444 0.6167245370370371 0.012651909722222188 0.021643518518518423
0 0.5660373263888889 0.5295789930555554 0.011328124999999911 0.01772280092592604
0 0.5398003472222221 0.5497251157407408 0.015907118055555447 0.03632089120370363
0 0.5263020833333334 0.5475694444444444 0.011414930555555536 0.01869936342592582
0 0.5023003472222222 0.6195746527777777 0.012282986111111116 0.02846498842592604
0 0.46990017361111114 0.6650535300925926 0.011328124999999911 0.01772280092592604
0 0.4820095486111111 0.5948278356481482 0.031488715277777746 0.05800781250000009
0 0.47688802083333337 0.5644386574074074 0.01822916666666674 0.029528356481481444
0 0.41239149305555556 0.5859736689814815 0.018836805555555558 0.036364293981481444
0 0.4200954861111111 0.5323061342592592 0.018836805555555558 0.036364293981481666
0 0.3388888888888889 0.6758246527777778 0.021571180555555625 0.04518229166666665
0 0.38656684027777777 0.5904803240740741 0.014952256944444464 0.02557870370370363
0 0.40108506944444444 0.5701605902777778 0.013519965277777768 0.03140914351851842
0 0.3804904513888889 0.5268301504629629 0.012282986111111116 0.02846498842592604
0 0.33038194444444446 0.551511863425926 0.014952256944444464 0.02557870370370363
0 0.2735677083333333 0.5526258680555556 0.02159288194444442 0.034454571759259256
0 0.28302951388888886 0.5341869212962963 0.015473090277777768 0.03143807870370363
0 0.28760850694444445 0.5156756365740741 0.015646701388888906 0.03339120370370363
0 0.21642795138888887 0.5243995949074074 0.014518229166666674 0.02069589120370363
0 0.18723958333333335 0.5337456597222222 0.024240451388888862 0.042296006944444464
0 0.17278645833333334 0.5423321759259259 0.018836805555555558 0.036364293981481666
0 0.14661458333333333 0.6387514467592592 0.026085069444444442 0.052076099537036846
0 0.14700520833333333 0.5683521412037037 0.015646701388888906 0.03339120370370363
0 0.13893229166666665 0.5271629050925926 0.015646701388888906 0.03339120370370363
0 0.10794270833333333 0.5677734375 0.018663194444444448 0.034411168981481444