0 0.1455078125 0.5537109375 0.017578125 0.0283203125
0 0.2421875 0.572265625 0.013671875 0.0283203125
0 0.203125 0.5146484375 0.013671875 0.033203125
0 0.2412109375 0.62109375 0.0107421875 0.0283203125
0 0.310546875 0.5927734375 0.0126953125 0.0234375
0 0.353515625 0.482421875 0.0185546875 0.048828125
0 0.396484375 0.4853515625 0.013671875 0.037109375
0 0.412109375 0.6083984375 0.015625 0.0283203125
0 0.4580078125 0.4365234375 0.017578125 0.048828125
0 0.46875 0.5322265625 0.021484375 0.0595703125
0 0.517578125 0.458984375 0.009765625 0.03125
0 0.470703125 0.494140625 0.0126953125 0.0185546875
0 0.4912109375 0.552734375 0.015625 0.0263671875
0 0.451171875 0.630859375 0.013671875 0.025390625
0 0.5283203125 0.580078125 0.013671875 0.0283203125
0 0.5810546875 0.4345703125 0.015625 0.0419921875
0 0.5498046875 0.5341796875 0.0126953125 0.0283203125
0 0.5673828125 0.548828125 0.0126953125 0.03125
0 0.59765625 0.556640625 0.0126953125 0.0263671875
0 0.57421875 0.5908203125 0.015625 0.03125
0 0.650390625 0.5576171875 0.0107421875 0.0234375
0 0.67578125 0.572265625 0.015625 0.0439453125
0 0.6845703125 0.591796875 0.0078125 0.021484375
0 0.708984375 0.5849609375 0.0126953125 0.0263671875
0 0.759765625 0.5732421875 0.0185546875 0.0390625
0 0.78125 0.564453125 0.017578125 0.0341796875
0 0.806640625 0.4609375 0.017578125 0.0517578125
0 0.8271484375 0.537109375 0.0185546875 0.0390625
0 0.85546875 0.517578125 0.0126953125 0.0234375
0 0.833984375 0.5927734375 0.0126953125 0.03125
0 0.9755859375 0.3876953125 0.017578125 0.0361328125
0 0.9423828125 0.5498046875 0.0185546875 0.041015625