0 0.03117766203703703 0.607421875 0.05870225694444444 0.1201171875
0 0.15169270833333331 0.66796875 0.03334780092592593 0.0546875
0 0.36454716435185186 0.470703125 0.04600694444444442 0.09375
0 0.5479962384259258 0.7099609375 0.04155815972222232 0.0732421875
0 0.5024956597222222 0.744140625 0.02025462962962954 0.0361328125
0 0.659252025462963 0.6845703125 0.05425347222222232 0.0732421875
0 0.6368995949074074 0.7490234375 0.0624638310185186 0.0654296875
0 0.7607783564814814 0.724609375 0.0243417245370372 0.0517578125
0 0.8016131365740741 0.7138671875 0.04777922453703698 0.078125
0 0.8425202546296295 0.728515625 0.0468388310185186 0.0654296875
0 0.8740234375 0.4482421875 0.04701967592592604 0.0810546875
0 0.8729021990740741 0.634765625 0.03960503472222232 0.0732421875