0 0.041015625 0.603515625 0.056640625 0.123046875
0 0.162109375 0.6572265625 0.03125 0.0546875
0 0.3720703125 0.44921875 0.0419921875 0.095703125
0 0.5595703125 0.6787109375 0.0390625 0.0732421875
0 0.513671875 0.7158203125 0.0185546875 0.037109375
0 0.669921875 0.646484375 0.052734375 0.076171875
0 0.6484375 0.712890625 0.060546875 0.068359375
0 0.7724609375 0.681640625 0.0234375 0.0517578125
0 0.8134765625 0.669921875 0.046875 0.080078125
0 0.8544921875 0.681640625 0.0439453125 0.0673828125
0 0.880859375 0.400390625 0.044921875 0.0830078125
0 0.8837890625 0.5859375 0.0390625 0.0732421875