0 0.0006510416666666678 0.32808159722222224 0.0013020833333333356 0.08020833333333333
0 0.11219618055555555 0.6588975694444444 0.044596354166666685 0.07068142361111107
0 0.2400173611111111 0.34283854166666666 0.0341796875 0.055251736111111116
0 0.28287760416666663 0.409765625 0.03927951388888884 0.07504340277777777
0 0.2911241319444444 0.45093315972222225 0.02137586805555558 0.03574218749999991
0 0.35807291666666663 0.25668402777777777 0.04079861111111116 0.0713107638888889
0 0.3489583333333333 0.4718532986111111 0.0439453125 0.07352430555555556
0 0.4571397569444444 0.7053385416666667 0.04513888888888884 0.07556423611111107
0 0.443359375 0.6784722222222221 0.03352864583333326 0.06679687500000009
0 0.4373914930555556 0.5546657986111112 0.02072482638888884 0.02988281249999991
0 0.4842664930555556 0.4789496527777778 0.02756076388888884 0.039192708333333326
0 0.5559895833333333 0.33936631944444445 0.03190104166666652 0.05214843749999998
0 0.6088324652777778 0.34307725694444446 0.041015625 0.0732638888888888
0 0.580078125 0.48648003472222223 0.01779513888888884 0.03832465277777786
0 0.5927734375 0.65625 0.03450520833333326 0.04947916666666674
0 0.6639539930555556 0.5126736111111112 0.02463107638888884 0.038932291666666785
0 0.6736111111111112 0.5944010416666667 0.02506510416666652 0.042838541666666785
0 0.5824652777777778 0.5892578125000001 0.01942274305555558 0.05297309027777786
0 0.7114800347222222 0.5109809027777777 0.01768663194444442 0.03734809027777786
0 0.7849392361111112 0.4800347222222222 0.0205078125 0.02792968749999991
0 0.8595920138888888 0.4472222222222222 0.03624131944444464 0.06510416666666674
0 0.9370659722222222 0.3890190972222222 0.0537109375 0.091796875
0 0.9436848958333334 0.4980902777777778 0.02842881944444442 0.06440972222222219
0 0.8573133680555556 0.5209852430555555 0.03157552083333348 0.04921875000000009
0 0.8797743055555556 0.6472439236111112 0.04861111111111116 0.07200520833333313
0 0.9397786458333333 0.5865017361111111 0.015299479166666519 0.05067274305555558