0 0.8701171875 0.568359375 0.0185546875 0.041015625
0 0.8203125 0.607421875 0.0126953125 0.0361328125
0 0.779296875 0.5478515625 0.0126953125 0.0361328125
0 0.794921875 0.5 0.009765625 0.0283203125
0 0.705078125 0.5224609375 0.009765625 0.03125
0 0.6220703125 0.634765625 0.0263671875 0.0546875
0 0.544921875 0.673828125 0.0205078125 0.048828125
0 0.6279296875 0.607421875 0.0107421875 0.021484375
0 0.6123046875 0.5205078125 0.009765625 0.017578125
0 0.587890625 0.541015625 0.0126953125 0.0361328125
0 0.57421875 0.5390625 0.009765625 0.0185546875
0 0.556640625 0.611328125 0.009765625 0.0283203125
0 0.5283203125 0.6572265625 0.009765625 0.017578125
0 0.5341796875 0.5869140625 0.0263671875 0.0576171875
0 0.5263671875 0.556640625 0.015625 0.029296875
0 0.4638671875 0.5791015625 0.015625 0.0361328125
0 0.466796875 0.525390625 0.015625 0.0361328125
0 0.3984375 0.669921875 0.017578125 0.044921875
0 0.4384765625 0.583984375 0.0126953125 0.025390625
0 0.451171875 0.5634765625 0.0107421875 0.03125
0 0.4267578125 0.5205078125 0.009765625 0.0283203125
0 0.37890625 0.5458984375 0.0126953125 0.025390625
0 0.322265625 0.5478515625 0.0185546875 0.0341796875
0 0.330078125 0.529296875 0.0126953125 0.03125
0 0.3330078125 0.5107421875 0.0126953125 0.033203125
0 0.2626953125 0.5205078125 0.0126953125 0.0205078125
0 0.234375 0.5302734375 0.0205078125 0.0419921875
0 0.220703125 0.5390625 0.015625 0.0361328125
0 0.203125 0.6357421875 0.021484375 0.0517578125
0 0.197265625 0.5654296875 0.0126953125 0.033203125
0 0.185546875 0.5244140625 0.0126953125 0.033203125
0 0.158203125 0.5654296875 0.015625 0.0341796875